-2.123176
5.092141
-0.672511
-2.591403
-1.393208
-0.129088
-1.096639
3.069557
-1.305090
-0.662079
-1.123412
-1.171160
4.679128
-0.409919
4.862470
-0.637347
0.990728
1.289976
0.300659
-1.309343
-1.071204
-0.309523
-1.644599
-1.370217
-0.711620
-0.397833
0.537523
1.651254
-1.955652
-1.271827
-1.480910
1.987380
-1.570006
-3.985926
-3.210893
-2.949965
-4.532143
-4.326353
-2.929207
-2.957118
-3.993070
-3.002382
-2.436732
-3.228019
-3.255265
-3.273220
-3.920215
-5.037002
-3.579713
-2.600349
-2.694840
-3.055781
-3.115270
-3.771588
-1.918628
-2.446511
-3.278564
-2.470125
-4.139850
-2.491379
-1.588936
-0.872224
-1.421145
-1.096517
-2.564733
-5.716102
-6.581438
-6.538789
-6.446606
-4.390529
-2.656422
-3.546024
-5.540439
-6.119851
-4.242280
-5.669325
-4.560466
-3.010303
-5.875250
-5.272997
-5.479506
-1.680647
-3.733815
0.890987
-2.927966
-5.637633
-7.632199
-5.282940
-7.824505
-3.366449
-5.671904
-1.001082
-1.574125
-1.486008
-2.454010
-1.602765
-1.723053
-1.404165
-1.406382
-1.057300
-1.698411
-1.176622
-1.193683
-1.697043
-1.821535
-1.687363
-1.676806
-1.374954
-0.383336
-1.368322
-0.558733
-1.180280
-2.378108
-0.719000
-1.160414
-1.113758
-0.810372
-1.449849
-1.079771
-1.555847
-2.169698
-1.942629
-2.016106
-2.910441
0.100695
-1.874532
-0.341691
-0.562047
-2.564271
-1.823175
-2.205909
-1.837136
-0.478377
-1.706381
-1.117246
-0.734959
-2.682944
-2.664856
-1.358260
-1.694881
-1.557148
-0.903690
-1.755382
-1.178791
-1.796932
-1.689220
-2.069352
-1.679699
-1.464086
-2.245377
-1.862213
-1.219089
-1.129091
-0.441530
-0.460602
-1.925237
-1.916407
-0.984397
-0.801440
-1.470614
-1.804084
-0.911111
-2.410114
-1.810248
-0.704247
-1.434757
-2.621209
-0.220417
-0.917090
-1.541509
-0.935282
-1.697326
-0.898365
-1.731567
-0.793792
-0.995214
-2.057915
-1.465790
-2.143502
-1.535761
-1.522607
-1.284951
-2.010508
-1.226195
-0.294638
-2.027109
-2.086087
-1.203669
-1.634806
-0.796343
-0.754888
-2.476143
-1.113074
-1.025279
-1.381650
-1.362684
-1.657494
-0.707761
-1.176574
3.668593
-0.923805
-1.885600
-0.480057
-1.340736
-1.190115
-1.048645
-1.922426
-0.821494
-1.171945
-2.367262
-1.010267
-2.850123
-1.940085
-1.153144
-1.229320
-1.347224
-1.336253
-1.683101
-1.726485
-1.167232
-1.244505
3.429199
-1.355962
-0.770379
-1.726667
-2.072026
-1.779149
-1.197102
-2.115536
-0.790399
-1.283770
-2.029774
-2.354129
0.183030
-2.074947
-1.002401
-1.580301
-1.178301
-2.090172
-0.905686
-0.915696
-1.529373
-3.881670
-1.568260
-2.277951
-1.448841
-0.827262
-4.581975
-1.256837
-1.007248
-1.481971
-1.289816
-1.116310
-2.167637
-1.184672
-1.151565
-1.803006
-2.220682
-1.463090
2.352319
1.281107
-9.669994
1.344775
2.343313
-3.247952
4.397427
4.978110
0.630201
-7.156269
-0.833491
0.464446
-6.385243
-0.690486
-5.251357
-7.407341
0.645482
-0.573980
1.061311
-3.783277
3.075187
0.117413
0.458988
-0.926384
-4.657529
0.551565
-0.729135
-5.610773
-7.288054
-6.038031
-0.119004
-8.144086
-1.140160
-8.230457
-8.662258
-2.283258
-1.088052
0.949162
-1.832404
-0.404888
-0.119954
-6.863171
-7.593438
-6.846017
-3.475925
3.130796
-0.916301
-6.534447
-7.280503
1.335987
4.051843
-7.848814
-9.877381
-6.460397
-0.132916
0.496671
-5.015793
-6.880306
2.001247
-3.464494
-7.687215
-6.364843
-0.697824
-7.594496
-2.913515
-6.127999
-4.102725
-0.646429
-5.267465
-6.657897
-1.115937
-3.681844
-8.501642
-0.032405
-1.667357
-0.609694
-2.779420
-4.123685
-0.707239
2.695346
-6.303825
-4.430588
-7.522034
-3.866196
-8.879218
1.580868
-3.829756
1.534259
-4.816113
-1.679830
-7.285110
-0.727474
2.543687
3.384140
-6.252460
0.869966
-5.325459
-3.967442
-6.475607
0.889212
1.500427
0.630852
0.981976
-1.128676
-5.516019
-1.514184
1.684413
-5.428703
-9.344434
0.585573
-0.015886
3.365232
1.013901
-6.174270
-3.736155
1.462110
-4.751253
0.596288
-2.875902
-0.918447
-1.559295
-2.455323
-1.483093
-3.271626
-4.697653
1.109694
-7.175365
-7.147493
-3.645021
-4.809305
-4.873254
-3.013418
0.150298
0.276837
-2.412351
-3.520410
-0.726483
1.487468
-4.622905
-6.867442
-3.450891
-6.430215
-4.575108
-0.885537
1.155437
-0.119409
-1.037732
-1.214640
-5.560040
-3.968796
-5.198066
0.020798
-0.884565
0.995308
0.204582
-1.401055
-2.581847
0.026263
-5.849937
-4.689685
-4.752288
0.057324
1.876254
0.645901
-5.156416
-7.785030
-1.217850
3.338585
-2.315664
-6.045040
-5.255289
-7.364388
-9.629630
-8.467750
-2.400180
-0.931459
-1.121392
0.373992
-4.826963
3.724433
-3.789661
-0.238885
5.537224
0.115931
-0.215108
0.605188
-0.668297
-5.308531
-2.120635
-5.114420
-0.012338
-3.667806
-5.985298
-4.942861
1.817655
4.330956
1.493420
0.530492
-0.254794
-6.790926
2.781811
-7.569143
-4.092344
-3.849805
-7.139639
-0.258261
0.085128
-3.797553
-0.196927
-5.867266
-2.548296
-3.724196
-5.507984
-0.471424
-4.557475
-5.373319
-6.941628
-4.723106
-0.738937
-1.397237
-5.110447
0.241036
-2.109764
-0.291688
0.209113
1.311223
2.587790
-2.491894
1.602182
-6.839562
-2.863554
-5.136746
2.345211
-6.709635
-2.247643
1.464158
-5.663062
-0.963866
-8.669682
0.309512
-0.670077
-2.354082
-0.387163
-3.087267
-1.930559
-2.731473
1.031395
-6.579272
1.933081
-0.857798
-6.213025
-5.132814
-1.659097
-0.850253
-3.947690
-3.265810
-0.218980
-5.143483
-3.505678
-2.442284
-0.338563
-2.215449
-4.052368
-7.241457
-3.110864
-0.397716
-0.056053
2.582209
-5.970458
-5.969623
-3.829513
0.107819
3.589527
-3.109994
0.458917
1.432814
0.862455
-0.284372
-5.965693
-2.627008
-7.177543
-5.981688
-3.477764
-2.934624
-4.571160
-5.665614
-1.407722
-1.230834
0.933655
0.471748
-1.062850
-6.183569
-3.354682
0.541576
-3.682927
-7.632162
-1.290718
-7.064483
1.341472
-1.985744
-2.134701
-0.558977
3.826240
-0.550044
-2.330054
-8.026011
-0.042560
-2.560197
0.956290
-5.254726
0.316994
-2.942438
4.123348
-2.038451
-4.859013
-4.485934
-3.991495
2.762394
-1.910595
-0.800627
1.924926
2.581173
-4.477608
2.385062
-0.556637
-0.069898
-3.098599
0.696515
-0.914718
-5.472492
1.793352
-1.812222
-0.774009
-7.981668
-5.603930
-3.391467
-3.996418
-4.719049
-5.554307
-0.030544
-3.102389
-9.144795
-0.161741
-0.551475
-7.340503
0.659344
-5.216953
-0.579834
0.402050
-6.564752
0.037265
-4.596386
-0.880915
-4.121879
0.744777
3.117097
-2.469610
-0.671912
-2.187518
-6.241054
-4.993553
-3.886556
1.941208
-4.055309
-4.883029
-3.069593
-8.155809
-0.396950
-2.368750
-4.375939
-8.168166
-0.284540
-0.760029
0.597438
1.284644
-0.939901
-2.882939
-0.387825
-1.541601
-7.637464
-5.041880
-1.520460
-4.868066
0.274936
-5.027377
-7.881243
-1.115603
0.895807
0.986696
-6.754840
1.627832
-7.452866
-4.603761
-0.441348
-4.091236
-3.789191
0.907925
-3.929630
-5.250185
0.384808
-0.328690
-6.310115
-1.744570
-2.300977
-3.013869
-6.299935
-3.654282
0.226033
-4.543491
-2.198075
-6.290999
-5.436958
-6.132512
1.097062
-1.393549
-1.153327
-2.094151
-1.416807
-0.848623
-2.391468
0.102574
-4.766240
-1.208075
-0.048425
-7.187686
-2.739147
-3.855090
-0.563818
-3.288722
-1.087044
-7.860750
-4.623788
-0.558250
-4.161700
-1.112054
0.414947
-2.775977
0.853562
-1.812336
-3.201486
0.629636
2.193915
0.976342
-1.496137
0.430353
-0.548376
-0.531717
1.418656
-4.953432
-3.002670
-5.149161
-3.130828
3.828439
-6.338578
1.872338
-1.269123
-5.457404
-0.565628
-0.454639
1.134776
-4.241621
-0.873486
-2.464185
-5.241354
-7.256547
-2.050924
-4.467938
-1.675014
-2.257825
-1.227149
0.587651
-4.815159
0.891415
-2.056865
-1.140273
-0.482193
1.482005
-2.129619
-1.193534
0.919978
-0.115015
-0.636543
-3.609842
2.233901
-5.186794
-1.558191
-1.401345
-7.439863
-4.307532
-6.725027
-5.802886
-0.967253
-5.494699
-2.991137
-3.953375
-5.005282
-6.475767
-1.841309
-5.535669
2.145372
-2.292694
-1.327634
-0.978867
-3.590647
-3.012935
-3.837323
0.274587
-1.707155
-0.694480
-0.999845
-3.697345
-3.033339
-2.968132
-2.193066
2.241161
1.899056
1.239896
-8.755655
-2.766559
-3.460936
0.563453
-1.368978
-0.418928
-1.601477
-4.216099
-3.109107
-1.185727
-5.665438
-1.430034
-5.940509
-1.500720
-3.816440
-1.788659
-6.648887
-2.194218
1.441554
0.698591
1.940529
1.328918
-0.574728
-3.477664
-1.057165
-4.339454
-0.672326
-6.755983
-3.916766
-4.386690
-3.277050
-3.193232
-1.505609
-5.113151
-6.987394
-5.891282
-5.589239
-2.242346
1.009769
-0.880955
0.187652
-1.764761
-1.990544
-2.599790
0.471871
3.180257
-0.884360
-5.251670
-2.161231
-3.538413
-1.724980
-2.489976
-1.293102
0.005273
-6.763147
-0.936992
-1.365361
-3.404282
-4.335734
-6.267389
-0.074161
-2.955931
-5.161782
-1.028604
-1.205878
-4.348169
0.292948
-7.751382
-4.978136
-0.073298
-5.130968
0.962770
0.405717
-2.452767
-5.304588
-6.412245
-2.333334
1.219142
-0.770524
0.252629
-8.322981
-1.568188
-3.422701
-3.045380
-4.551131
-0.950566
0.845232
-5.860556
-1.084859
2.921669
-2.727459
1.664723
-5.535878
1.526466
-1.768421
0.403996
0.671920
0.224713
-3.391649
-3.287441
-3.836088
-1.686876
-5.484451
-0.705385
-1.017992
-6.309829
-0.147714
-0.150021
-7.165080
-0.780816
1.384806
1.272326
-0.751374
-0.331347
-1.797737
-0.595231
-3.884353
-7.395291
-4.596528
0.273569
-4.156597
-0.517598
0.729365
-2.163770
-1.117370
-0.822873
-4.053725
-4.379986
2.470542
-3.269030
-0.751226
-2.573138
-1.297501
-4.711324
-7.231459
-4.864189
-8.056880
-0.789911
0.485002
2.536966
0.912485
-3.415695
-3.150747
-1.274108
0.122353
-1.508213
-0.872627
0.212151
-2.645753
-8.172261
-5.002486
-4.896633
0.065368
0.755415
1.867432
-8.810748
-1.461121
-1.106360
-7.590245
0.262171
-2.400440
-1.293694
-9.074547
-1.350221
-2.916732
-4.321338
-1.442956
2.204267
-1.883222
-1.434922
-2.457235
1.172302
-3.542868
-3.375570
-2.298998
-2.662658
-2.176012
-1.050740
-5.663377
-0.374000
-1.741009
-3.911554
-3.915050
-1.568297
0.352823
-5.981154
-3.043550
-0.793637
-2.681078
-0.519047
0.300521
-1.094908
-3.850063
-0.197031
-2.848470
-0.371198
-9.527857
-2.563148
-0.600372
-0.843409
-3.592245
-4.236115
-1.432333
-2.711050
-4.204390
-0.406404
-5.252069
1.651840
2.566584
-4.960838
-1.378918
-0.804850
0.333253
1.245713
-1.956302
-0.978779
-3.208057
-4.116488
-4.104896
-0.266522
-6.216359
-4.367616
-0.380121
1.024977
0.471119
-4.063657
-2.236601
-7.340893
-6.511361
-5.083134
-0.495075
1.773423
-3.491138
-1.476662
-3.571849
-6.941189
-3.178876
-3.056985
1.142419
-2.960090
-0.328236
-0.983783
-4.204428
-2.352185
-4.120370
-1.002540
1.592117
2.108969
-2.073552
-4.187284
-5.998638
0.211197
-3.487193
-2.520467
2.503354
1.031428
-0.965409
-6.961957
-2.094479
-1.093111
-1.044746
-1.079746
-1.780597
-4.793614
-2.190625
-6.284937
-0.340160
-0.883025
0.063454
-1.542033
-8.197647
3.275291
-3.373617
0.301612
-3.190479
-1.855357
-1.564291
-0.456189
-4.367651
0.243282
0.926198
-2.406012
-0.003951
-3.961550
-1.665573
-1.286450
-2.508788
3.255149
1.210182
-2.302528
-2.051957
-3.692746
-1.079169
-1.765567
-0.946342
0.587303
-0.495442
-3.777592
-1.557793
-3.025788
-1.442399
-1.270353
-4.188259
-5.680530
-2.239726
-5.563000
0.456362
-2.299473
-6.847302
-1.904880
-5.757370
-0.127983
-1.727829
2.342310
-4.868334
-1.322724
1.939162
-2.479347
-0.716097
-1.985467
2.234559
-2.683066
-0.023384
-3.323502
-2.981008
-3.994826
-1.004774
-3.796039
0.306767
-0.191644
-2.095982
0.892679
-1.092637
-0.555426
-3.908264
-0.682844
4.023924
-1.254992
-0.887018
-1.498362
-0.844236
-0.476911
-4.379880
-1.066547
-7.281772
-0.059771
0.473875
-0.025830
-0.726463
-3.413271
-1.629534
-0.545266
-2.929587
-3.192820
-0.486531
-1.572180
-3.558525
1.920519
-1.262045
-3.076401
-2.339868
-3.269945
-3.607232
-1.301177
-2.224282
-1.300637
0.854094
-3.077536
0.228133
-1.389865
-4.207895
-0.008390
-1.031381
-4.629862
-1.190983
-0.880299
0.075660
-3.959426
-2.725166
-0.024260
-0.958092
-4.168594
-0.050635
-0.108678
-2.424574
-1.407413
0.880792
-1.056988
-4.589025
-4.985798
-0.315930
-2.135316
-2.412414
-5.418297
-2.088912
-1.619548
-3.429682
-3.022902
-1.239847
-4.946626
-1.202735
-2.805572
-0.343793
0.099512
1.750011
-4.242827
-0.278248
-5.087981
1.181355
-3.156168
-2.307924
-1.545114
0.138265
-6.903247
-3.782683
-0.615611
-0.562666
-1.634996
1.731881
-1.233911
-1.140581
-0.239089
2.439108
-1.884607
-3.073972
-6.020589
-1.945594
-1.593255
-5.393133
-3.276659
-7.170099
0.295775
-4.135666
-1.245518
-5.059998
-1.959652
-1.989043
-2.811650
-0.382280
0.360974
-2.820191
-0.291832
-1.584684
-0.311208
-4.391649
-1.906451
-1.606616
-2.579609
-4.211315
-7.005576
-4.501138
-7.911689
-5.011970
-5.699153
-0.469516
-6.097330
-5.110250
-1.919181
-0.732801
-3.652662
0.339751
-3.027128
-1.310302
-1.926151
-8.283915
-1.258495
-5.625124
0.341792
-1.259861
-1.333187
1.209925
-0.846047
1.329169
-3.218889
-2.949403
-1.920863
-6.403331
-3.372222
-1.549878
-1.807608
0.006623
-1.162056
0.298828
0.264813
-1.637373
-0.517713
-1.558948
0.323228
-0.697892
1.745685
-1.915870
-1.381942
-6.211347
-3.208773
-0.558161
-1.155162
-0.159044
-2.875726
-2.224559
-2.280456
-0.800969
-1.579137
-1.999560
-0.716625
-0.782323
1.575900
-1.793088
-3.508699
-3.084567
-1.802942
0.589460
-1.027017
0.443640
-4.703197
-7.173617
-0.769456
-2.539605
1.781859
-2.984847
-6.133379
-2.070981
-1.949840
-3.239840
-2.889265
-0.275992
-6.737332
-1.978552
1.620768
-2.280621
-0.450929
0.936879
1.744494
-5.963784
-5.607362
-2.221528
-3.540917
-4.950073
-3.573714
-1.706529
-2.925395
-2.583798
-4.598700
-3.000453
-6.849599
-2.892579
-0.265936
-0.165721
-0.005413
-1.451478
-5.481939
-1.431460
-0.494657
-3.985065
-0.687477
-0.555083
-1.650414
-1.290682
-1.376023
0.583141
-2.431251
0.593994
-1.744300
-3.316828
-1.926545
-1.354049
-3.922357
-6.639765
-3.667608
2.178547
-1.980832
-2.071886
-0.388352
-0.506427
-0.970621
-5.892608
-0.948975
0.111985
1.886720
-1.623224
-0.175123
-2.436546
-1.903154
-1.415558
-6.086087
-2.342175
-2.271216
-2.082912
-4.895634
1.283936
0.376767
-1.406324
-1.906391
-5.956145
-6.088954
-0.312857
-4.561040
-2.906946
-5.103690
-0.439519
-0.693348
-4.249757
-5.088523
-5.976707
-1.955242
-0.656351
-8.959005
-1.814914
0.386953
-1.906943
-3.166877
-0.173251
-4.062022
-1.277847
1.269780
-1.410678
-2.880230
1.710781
-2.865068
-0.145261
-1.236771
-2.365159
-3.111058
-2.053860
-1.545769
-3.840272
-0.980330
-2.560149
-2.466899
-7.237203
-0.900221
-0.460119
-0.155257
-0.420584
-4.449013
-3.627815
-1.321578
-4.355345
0.682544
-5.466060
-3.309444
-5.605925
-2.994757
-2.754777
-0.088587
4.071215
-3.086334
-0.614176
-2.107359
-3.394457
0.373244
-4.569487
-2.664437
-1.822705
-2.909023
-2.478172
-4.884929
-2.507159
-5.204049
-5.676271
3.894804
-2.716236
-1.995972
-1.052072
-1.696843
-3.510599
-1.328813
-1.181848
0.805156
-1.055072
0.727637
-2.017474
-1.136523
-0.710060
-1.995104
-1.056559
-1.197687
0.371760
0.221159
-1.601455
1.248083
-4.953117
-3.628181
-0.816965
0.011581
1.103637
0.625034
-4.337751
-1.101954
-2.128725
-3.551360
-1.039858
-2.117454
0.385757
-0.912827
-2.284098
-6.547508
0.203997
0.135708
-0.334683
0.116942
-5.651960
-2.470934
3.225200
-2.314940
-4.281744
-2.336796
-3.661288
-2.652765
-1.389261
-2.013504
-0.384739
-2.501693
-3.822706
-0.137885
-7.083565
-0.383072
-4.035533
-0.432277
-1.811399
-4.052461
-0.081450
0.185022
-1.827972
-2.255106
-3.273102
-5.581292
-6.212708
-4.726830
-0.488520
1.516930
-2.966470
-1.225919
-0.533486
2.065355
-6.283653
-4.008892
-1.369748
-3.956853
0.091204
-4.553082
-3.145214
-2.030313
-3.061146
0.165011
-1.055377
-2.533887
-5.555856
-1.305593
-1.937785
-2.151191
2.196935
-4.645005
-0.692293
-1.113993
-5.033526
0.219027
-3.215933
-0.225121
-1.654291
-4.973285
-1.589581
0.106696
-2.799998
-2.290608
-3.347823
0.109141
-4.662408
3.749782
-3.942393
-0.889582
-3.941420
-0.019292
-2.147912
-0.937666
-0.282337
-4.530897
-0.149535
-4.272590
-3.759451
-0.164183
-4.204518
1.692734
-2.490969
0.744278
1.954106
0.068968
-6.086779
-0.947317
-2.721513
-3.325521
-4.032171
-2.949317
-2.052110
-1.808471
-4.349218
-3.905114
-1.049446
0.349474
2.111751
-7.436426
-0.733985
-0.665985
-2.602851
-3.925366
2.735479
0.807818
0.463711
-2.007479
-3.141418
-2.881048
-4.930013
-1.768224
-0.766473
1.046566
-2.107249
-3.039390
-1.615474
-2.954980
-0.826890
-5.407247
-2.494252
2.982951
-1.661034
-4.593326
-3.302523
-4.414820
-6.212256
1.939885
-5.568603
-6.705246
-1.322377
-1.412432
-4.737514
1.580232
-1.788590
-1.335166
-2.126220
-1.845174
0.411018
-2.732671
-2.187243
-1.727143
-1.770584
-0.853383
-6.376650
-3.239555
-0.332411
-5.673916
-4.341257
-0.264567
-8.230577
-3.818218
-0.222856
-4.262378
-6.436667
-1.201375
-4.178433
-5.338284
-2.098441
-0.481577
-1.537449
-2.114314
-0.056343
1.974386
-0.542116
-2.508502
-1.516279
-8.389328
-3.609071
-2.059458
-5.205718
-4.609468
-1.181845
-3.182577
0.337023
-5.299013
-6.918816
-1.419267
-3.034885
-0.172716
-4.948325
-3.838959
-5.171445
-0.015411
-1.290561
-2.711586
-1.948843
-4.793503
-3.367805
-2.455353
-0.719508
-2.587119
-1.527972
-3.251964
0.826915
-3.223158
-4.105587
-4.028900
-3.219954
-1.952340
0.213688
-7.081802
-3.927116
1.255963
-2.807295
-2.980031
0.123199
-2.849247
-2.203081
-5.827361
-2.106050
-2.248150
0.388729
-7.703929
1.087768
-3.396750
0.223647
-5.820740
-3.221392
-0.250895
-0.565919
-1.394741
-6.811940
-3.749630
-2.897342
-5.563715
0.730199
-2.357458
-0.775953
-0.675741
-7.933462
0.157354
-1.161493
-1.966363
-3.255689
-3.488302
2.603068
-6.276477
1.420265
-0.934131
-1.232365
-1.134620
-1.631224
-1.760356
-2.208311
-4.984841
-0.856763
-0.774303
-0.239296
-2.406770
-1.373702
-2.498922
-0.549559
-6.961074
-0.681277
-1.265880
-3.187896
-4.005737
-4.867020
-4.411667
-2.091129
-3.973970
1.306739
0.953561
1.823520
0.442737
-0.852290
-1.344624
1.356363
-2.471536
0.901352
-5.458795
-0.367840
-2.417092
-4.157572
-0.752189
-4.398300
-6.318377
-0.744647
-5.688605
-2.081655
-2.839389
-1.745253
-4.391824
-2.200246
-2.944851
-1.525840
-7.988686
-3.800287
0.770729
0.914306
-2.139565
-2.475558
-3.261746
0.019447
-2.451836
-3.422521
-1.777351
-2.762338
-2.483094
-5.784733
-1.648999
-1.533694
1.548552
-1.947581
-4.248015
-2.295278
0.513310
-1.963141
-2.868702
-1.147947
-4.360112
-5.247421
-6.993390
-2.514372
-0.456463
1.097232
-4.113870
-3.489465
1.191395
1.958752
-3.479538
-2.768811
-1.258636
0.643871
-1.264390
-0.084461
-1.680518
-3.201940
-5.754472
0.619056
-3.624305
-1.174425
-2.629514
-0.361048
-1.487133
-4.138391
-2.021129
-1.198209
-0.725870
-2.806907
-1.125708
0.745456
-1.896514
-1.311454
-1.000629
-3.578052
-1.397496
0.612101
-3.651459
-5.134624
0.541423
-0.797956
-0.561686
-5.539049
-4.598399
-3.470347
-1.602553
-1.260241
-3.291510
-2.625746
-3.816430
2.252330
-1.533795
0.025863
-0.881456
0.654253
-3.726265
-2.819455
-1.318101
-1.026026
-2.288141
-3.623328
1.531215
-5.017866
0.066515
-2.041291
-2.891491
-2.424569
-2.226643
-2.269631
-1.581145
0.448174
-4.979567
-1.777185
-2.676491
0.365934
-3.589444
-3.043625
-3.521904
-3.284508
-1.716700
-1.969989
-5.062601
-7.924769
-0.416864
-1.686715
-4.676699
-6.071826
-1.497047
1.512233
-3.423731
-5.142494
-0.121163
2.070931
-4.741606
-1.449316
1.351670
-1.676326
-3.676716
-0.212273
-1.217236
-2.063622
-2.384814
0.099846
-0.723139
-1.523223
0.115066
-0.660916
-0.946826
-1.740061
-2.760265
-1.570859
-2.955211
-0.755955
-6.578463
-2.464307
-1.497395
-1.607028
-0.023245
-3.623744
-1.232335
-4.110388
-2.329649
1.012239
0.660354
0.650277
-2.740026
0.318567
-3.880046
-2.065914
-2.421217
-6.745137
-2.142304
-3.625880
1.530909
-3.964890
0.199391
-4.056843
0.023422
-2.823899
-4.808477
-3.686876
-1.198471
-3.256173
0.452062
-1.222771
-7.743748
-0.314924
1.527711
-8.214609
-1.463597
-0.940042
-2.780917
1.948963
0.310317
-2.197057
-0.111628
-2.191361
-2.240180
-0.407657
-5.157089
-0.753374
1.180687
-0.335457
0.900327
-0.199574
0.775947
-1.109014
-1.422153
1.344875
-2.071554
-0.527599
1.463368
-0.417411
-1.020816
-2.153810
-2.777758
-1.044610
-1.825100
-0.422885
-3.132764
-1.722541
0.557525
-3.760517
-1.085699
-0.767038
-1.428407
-5.158648
-0.670836
-2.316030
-4.245697
-2.757825
-2.479757
2.126743
0.105437
-4.646346
-2.324091
-2.189833
-1.682551
-1.551311
-2.505264
-1.712479
-0.662688
-1.375517
-4.030893
2.019898
-4.273046
-0.844755
-2.023984
-5.398903
0.663464
-2.459131
0.215062
-0.135297
-0.271927
-2.560958
-1.414956
-1.618371
-3.509441
-2.242235
0.212574
-1.194562
-5.086637
-1.334052
-4.491988
-0.667829
-5.488003
-0.169569
-4.825107
1.083698
-2.079412
-0.381079
-3.098124
-6.564750
-2.032001
-0.677250
-1.336780
-5.022346
-1.626638
1.374864
-3.488976
-2.602078
-1.927763
-4.137693
0.484383
0.682481
-6.091315
-5.476674
-1.750359
-2.906776
-5.544569
-7.129934
-1.134224
-1.129720
-9.290823
3.160225
-1.666113
-3.623444
-1.818985
-2.341118
-1.030489
-1.840707
-0.843600
-3.255190
-2.402176
-2.920934
-0.886181
-2.872173
-1.199644
-2.596019
-0.952792
-1.999770
-1.884710
-1.336207
-3.662855
-2.258542
-0.075907
-4.818869
-4.798914
0.166703
-5.260216
-2.212939
0.955718
-1.865500
-0.673548
-1.202380
-0.583757
0.257124
-2.679137
-3.032647
-0.152132
0.396549
-0.770916
-2.177824
-1.806044
-0.755346
-1.648068
-0.149335
-1.593615
-1.651363
1.380582
0.327033
-1.784171
0.115048
1.914444
-5.601444
-1.527415
-1.379358
0.098219
-0.921333
1.199691
-2.778769
-3.663019
1.421028
0.111869
-0.736850
1.211925
-0.442864
-0.941593
-3.000966
-2.915373
0.560517
-0.367266
-3.445112
-5.426262
-4.680087
-2.618216
-0.459997
-2.732813
-2.069817
-5.214586
-1.296619
-3.547622
-0.557115
-3.418613
1.037655
-4.340956
-3.641682
-1.974163
-5.454336
1.944720
-0.119138
1.983014
-2.798492
0.527763
-1.417944
-2.020626
-3.438083
0.932029
-1.534036
-2.755208
-0.803062
-3.873318
-0.240884
-0.989607
-3.537848
-1.868037
-2.444276
-1.760233
-1.911814
0.080623
-3.862111
-0.360902
-1.695391
-4.405362
-3.431175
-2.204367
-2.749795
-2.410740
-1.287381
-4.002510
-3.281252
-0.742335
-0.624333
0.372035
-0.137514
-2.193141
0.395300
-1.965956
-0.017143
-1.208224
-1.516016
0.348633
-4.504544
-6.504154
-2.944740
-1.059839
-2.909372
-2.724305
-1.052976
-0.993544
-0.953102
-2.451345
1.753893
-0.282601
-4.972400
-1.531747
0.837002
1.863522
-1.235646
-2.228197
-0.090035
-2.462595
-1.203492
-3.132927
-2.779613
-3.371721
-1.073738
-6.640426
-3.483394
-1.086967
0.146359
-2.708287
-2.962230
0.411831
-2.259177
-1.197460
0.950116
-1.888032
-1.591633
-2.256570
-6.155469
-1.266611
-2.930335
-1.181075
-0.865075
-2.689046
-0.106443
-4.212411
-1.045840
-0.932115
0.448868
-2.125648
-0.771779
-4.865094
0.894273
-1.239526
-0.812431
-1.286064
-1.198231
-1.742978
-2.106639
-1.766517
-2.012574
-2.616749
-6.232651
-2.208178
-0.113874
-0.679783
-5.013162
-1.954338
-0.810000
-0.379224
-2.048350
-0.862343
-1.811994
-8.933145
-2.463200
0.296012
-2.326596
-2.238754
0.934677
-3.865543
-3.407186
1.204031
1.958627
-2.557803
-0.925660
-2.103776
-1.717312
-2.838649
-1.123160
-2.253402
-3.433418
-2.341057
-2.136096
-1.947269
-2.019584
-5.114166
1.321302
-2.510380
-3.062094
-5.954543
0.608688
-3.350835
-0.840803
-3.037515
-2.602831
-0.841848
-0.062006
-3.828586
-1.686764
-5.310348
-0.194733
-3.521398
-3.777205
-0.008487
-1.652069
-2.432050
-2.100627
-2.951895
-3.001251
-3.053962
-1.095632
2.383938
-1.270242
-0.415596
-1.281328
-1.421897
-2.569351
-1.540327
-0.472822
-1.012048
-1.122807
0.202017
-1.755737
-3.519736
0.257158
-1.617215
-1.385574
-1.775881
-2.228900
-1.080639
-3.102037
-3.135103
-5.222509
-0.612653
-1.115622
-0.662986
-2.816275
-2.852847
-4.851571
-1.215582
0.131649
-1.818343
-3.632962
-2.550537
-1.335974
-2.041589
0.353908
-4.917241
-4.340358
-3.874830
-0.454139
-1.734362
-0.786886
-1.782583
-1.191290
-0.479895
1.228260
-2.349992
-0.843318
-2.060925
-3.523463
-2.205290
-1.324369
-0.745718
-1.887633
-0.523803
-2.797664
-1.296726
1.300214
-2.261841
-1.512122
-2.809024
-3.305978
-0.834838
-2.440759
-3.400697
-3.129706
-0.373164
-1.513618
-2.011505
1.262636
0.925318
-0.984000
-1.705732
-1.711747
-0.120390
-1.214117
-5.154381
-1.716853
-0.551247
-1.573882
-0.729151
-0.699004
0.257421
0.260157
-0.841546
-5.104342
-1.015161
-0.731874
-2.819313
2.350545
-2.856567
-1.201125
-3.754492
-0.865080
-4.122722
-1.311728
-2.058594
-4.021225
-2.120554
0.784898
-1.799217
-2.205445
1.285300
-1.445183
1.031897
-0.742275
-2.973946
-1.462092
-1.670114
-0.959478
-0.186060
-2.117438
-0.048286
-2.537234
-4.905264
-4.958827
-1.372494
-1.393979
-4.081729
-1.028516
-1.183400
1.312107
-2.344886
-4.361335
-2.022640
-0.013733
-1.580902
-5.285333
0.023021
-0.436423
0.197323
-2.103990
-3.956995
-2.918633
-0.625416
-2.298325
-0.894460
-4.603750
-0.865531
-2.383335
-4.140914
-2.430315
-0.095703
-2.352513
-4.317665
-1.884375
0.040145
-0.306028
-2.171748
-2.231152
-0.054409
-1.705944
-2.515843
-6.757530
-1.231055
-2.814756
-3.403451
-3.006701
-1.111177
-2.869582
-1.057338
-1.976147
-2.725221
-1.468389
-2.066724
0.445583
-2.214601
-3.302259
0.769170
0.137615
-0.983603
-4.044890
-2.369840
-2.554588
-2.596476
-1.388167
-0.993118
-4.119049
-4.414183
0.025796
-4.092756
-1.104350
-2.782098
-1.612659
-5.272537
-1.477463
-4.548988
-3.707183
-3.056156
0.957039
-2.244264
-1.289177
3.587939
-4.025649
-2.780878
-0.377259
-4.239504
-3.686417
-2.093154
0.929029
-2.824520
2.113393
-5.598662
-1.373175
-1.949493
-1.915628
-1.528427
-1.725551
-0.201366
-3.077165
-1.398695
-0.990085
-1.168147
-3.138283
-5.532734
-1.694257
1.420359
-2.125288
-4.070251
-7.050019
-2.806442
-0.989788
-5.569555
-2.159384
-0.301306
-0.788911
-1.442417
0.139606
-2.835757
-2.266559
-4.452206
-1.226626
-2.207535
-4.673636
-3.024509
0.736825
-2.011001
-0.381672
-0.786103
-0.469325
-1.427414
-2.294347
0.320917
-1.203898
-0.931221
-3.367239
-3.546721
-0.577980
-0.685708
-1.315437
-4.441029
-2.492136
-2.882937
-1.512865
-0.943490
-3.739485
-0.144007
-1.888899
-3.613239
-0.332492
-4.866005
-2.735985
-3.371674
-0.812111
-3.186280
-2.507761
1.572700
-6.052832
0.327496
-2.072520
1.244108
-1.855540
-4.257676
-0.232880
-3.850595
-1.424424
0.421821
-0.660075
-3.787542
-3.475817
-3.113338
-1.930644
-0.474403
0.842853
0.379394
-4.354290
-1.094030
-3.073323
-3.296229
0.333424
-2.560642
-2.763481
-1.770335
-6.343872
0.186473
-4.904312
-1.150782
2.919788
-2.136284
-6.035931
-6.275228
-2.032002
-1.664184
-3.143385
-6.153305
-3.113527
-1.291878
-1.857515
-0.205321
-2.233696
-2.669603
1.218989
-4.075040
-0.593087
0.744170
-0.352359
-4.981396
-2.757508
-3.727752
2.192394
-0.425359
0.032383
-0.258578
-3.926193
-5.176166
-0.302774
-3.748988
-3.960723
-1.342372
0.216321
1.924411
-0.840200
-0.315462
-4.430570
-4.064211
-6.416004
-6.217729
-2.377216
-1.362364
-4.743035
-1.952710
-2.916648
-2.210334
-1.318414
-2.295716
-1.051546
-0.002497
-0.897141
-5.329616
-4.971190
-5.266962
-0.543507
-1.937474
-1.118992
-0.986628
-0.294274
-2.081503
-1.526020
0.782128
-2.791840
-4.610851
-4.164560
-0.665342
-1.451371
-0.887465
-1.374072
-2.373618
-4.792972
-3.243907
-3.193586
-2.731012
-2.133886
-1.508674
-2.920121
-1.542602
-1.160135
-0.854940
-2.694023
-0.261034
-2.441088
-1.837901
-0.342263
-5.796000
-2.344801
-2.443229
1.127561
-0.011981
-1.474922
0.267811
0.555744
-0.451654
-5.450487
-0.866101
-1.645095
-1.293253
-3.441020
-1.012626
-2.231629
-0.561925
0.428440
-2.707605
0.826843
-0.981113
-2.094295
-1.078554
-3.357139
0.015409
-0.913262
-6.696842
1.352491
-2.659353
-2.256543
-5.660588
-0.576818
-2.209881
-1.330190
-2.473830
-6.183731
-1.705989
-0.334164
-5.853680
-2.606122
-1.466353
-1.838968
0.123453
-0.946763
-4.927763
-0.877131
0.945939
-1.502007
-1.423987
-2.694365
-2.261572
-3.489929
-3.660801
-2.307961
-2.063363
-1.632812
-3.372558
1.499401
-1.119532
-2.883878
-4.423825
-2.566375
-0.981679
-2.579772
-2.110284
-0.663809
-4.111421
-0.757830
-1.381012
-4.605557
-1.475559
-0.428631
-0.141818
-0.904486
0.690402
0.813944
-3.278719
-0.844047
-2.565497
-0.486498
-1.346817
-2.377783
0.510002
-5.204790
-1.132194
-1.762159
0.687132
-2.485204
-0.884716
-2.169482
-6.046814
-1.598127
1.189923
-7.875690
-1.604906
-2.186885
-3.113727
-6.478190
-0.237085
-2.198047
0.035419
2.395739
-2.482383
-4.408171
-8.259277
-1.236153
-4.696849
-2.137833
-1.373936
-6.091897
-3.932714
-2.271873
0.270524
-2.160904
0.497454
-3.373393
-1.942455
-0.183479
-2.071449
0.443509
-5.144396
-3.690118
-0.265389
-4.108926
-2.257063
-3.440980
-0.409757
-2.957339
-3.121700
-4.612199
-1.058010
-3.042576
-0.918302
-1.112461
-1.101605
-3.319767
-3.173558
-1.841833
-2.453822
-3.542820
-1.742055
-4.967149
-2.034043
-4.336558
-6.942885
-5.332747
0.124900
-1.935205
-2.570645
-4.334010
-0.856167
-1.190082
-3.046319
0.006761
-0.953242
-2.132517
-0.533371
0.014491
-2.380026
-1.538289
-1.993636
-5.213503
-2.530258
-5.700298
-4.271385
-4.260621
-1.114312
-1.799024
-3.855821
-1.745694
-2.255233
0.329604
-4.037572
-3.580726
-0.859219
-0.341942
-1.343081
-1.408869
-2.020650
-4.583102
-0.617444
-1.407258
-4.796691
-2.230665
-1.111519
-1.640762
-0.898162
-3.651695
-0.622677
-1.025567
-2.759847
-6.006970
-1.041591
-1.351295
0.192063
0.857008
-1.479607
-0.697144
-2.621231
0.684091
-2.981317
-2.609311
-4.291510
-5.202055
-2.455330
-4.566159
-5.283759
-1.073136
-0.820328
-3.208225
-3.329876
-3.878198
-2.135151
-1.383886
-4.569696
-0.975146
-0.411156
-2.280874
0.254897
-1.553139
-2.001110
-1.670916
-2.384826
-0.705399
-7.206480
-3.919674
0.276231
-2.828930
-2.905876
-0.470405
-1.045640
-1.767202
-3.137280
-2.991535
-3.031822
-3.303637
-5.791076
-2.203622
-1.615667
-1.600281
2.562499
-1.731550
-1.738306
-1.640681
-1.470304
-2.620842
-2.042604
0.751141
-2.254201
-2.686467
-0.185932
-0.192952
-0.955334
0.447718
-1.512062
-1.655628
-1.381448
-1.895747
-4.129629
-1.598256
-0.673097
-0.854142
-1.662080
-1.500658
-1.697142
1.329704
-4.553716
-0.889886
-2.367898
-1.830223
-0.554876
-0.945456
0.762542
-3.481562
-0.978817
-1.186999
0.939134
-0.200220
-2.751050
-5.329850
-0.995213
0.614188
-2.259291
-0.878886
-1.415174
-1.090326
-3.861886
-4.063657
-4.218300
-0.184772
-0.781967
-3.647641
0.095572
-4.079751
-0.870478
-1.851779
-2.272455
-5.206397
-0.104543
-1.035983
0.873515
-0.022688
-2.740863
-3.940319
-1.167788
-0.008563
-1.335133
-2.694385
-1.657362
-3.205383
-3.468888
-1.310556
-1.482247
-5.660429
1.311222
-2.640591
-1.644395
-1.850013
-0.869547
-2.274975
-1.991198
-2.434991
-3.799247
-1.986653
-3.944897
-3.437313
-1.563559
-1.246293
-3.494353
-3.904211
0.666303
-0.040420
-2.687123
-0.973948
-4.340289
-4.798561
-1.526389
-2.344141
0.109424
-1.006022
-3.981860
-2.861340
-2.116032
-2.676375
-1.075668
-0.753636
-1.057331
-4.875575
-1.830072
-0.820649
-0.233388
-2.021084
-2.682516
-2.051726
0.788489
-2.978606
-0.455621
-2.024075
-1.470578
-0.215171
1.326447
0.117662
-1.828262
-2.349380
-1.122296
-1.193342
-0.103177
-2.739756
-1.053555
-0.057967
0.253795
0.419334
0.565489
-4.969213
-1.228969
-3.984264
-4.847133
-2.976188
-3.565497
-1.588236
0.930979
-4.431026
-0.957564
-1.881903
-0.336412
-1.650643
-0.333290
-0.313926
-3.678842
-3.529210
-0.712630
-2.877233
-1.168927
-3.020888
-1.828248
-2.209886
0.025945
-2.039322
-0.531366
-3.764881
-1.679551
-1.039057
-0.723747
1.216767
-1.927762
-3.017786
-1.939254
-1.179840
2.574973
-2.618712
-3.026917
-2.188926
-3.017651
-2.673177
0.685282
-2.558255
-2.831733
-2.659338
-1.677880
2.364910
-2.983273
1.480073
-1.865592
0.187489
-0.842378
-2.593651
0.517851
-1.989959
-1.428816
-2.734339
-4.525617
0.917862
-1.551090
0.630117
-0.638387
-4.502351
-0.274526
0.952976
-2.374608
-3.372459
-4.516208
-2.825979
-1.015091
-2.792420
-3.535876
-1.864280
-3.163373
-3.159134
0.712672
0.679880
-2.646817
-3.191474
-1.143116
-0.716238
0.844665
-4.346682
-0.863662
-2.091218
-1.324729
-7.845768
0.146940
-3.379767
-0.040236
-4.530869
-3.663770
-4.505578
-1.113811
-1.868206
-0.160684
-0.395328
-0.671977
-2.925771
-0.391072
-4.274395
-4.621229
-1.019983
-2.766516
-4.445914
-2.699060
-2.359904
0.644386
0.812768
-2.434417
-6.403445
-1.192397
-2.622879
-3.271716
-2.749134
0.293367
-5.150760
-1.804508
-1.744914
-3.326317
-0.701330
-1.685068
0.536100
-0.147850
-1.314232
-2.838317
-2.159400
-0.195081
-3.437814
-1.544299
-3.290473
-1.962675
-1.931902
0.302222
-2.233865
-0.951534
-4.607299
-0.576394
-1.205045
-5.560421
-2.428089
-3.683568
-2.659568
-3.848422
-1.724989
-3.302323
-3.329447
-7.138427
1.213414
1.265257
-1.672757
-1.423131
-0.630341
-0.011697
-0.658204
-1.385747
-0.489298
-3.163085
-4.912030
-0.847941
-1.986702
-2.635166
-2.246607
-0.569830
-1.756207
-5.370183
-3.298814
-0.306453
-2.079658
-2.797138
-4.235640
-2.552475
-4.329529
-2.011542
-4.310407
-3.515007
-2.965379
-0.379586
-1.714506
-1.184871
-2.303429
0.836331
-0.126411
-0.689357
-1.382975
-1.084725
0.148923
0.419766
-2.863855
-2.879469
-3.646523
-2.213689
-2.286647
-2.122651
-2.801062
-1.352713
-2.638565
-1.887410
-1.700710
-3.041749
-1.605662
0.297462
-3.219579
-0.981412
0.159400
-3.325399
-3.211332
0.107605
-3.044822
-3.188915
-4.723489
3.393066
-3.868515
-2.039755
-2.471328
-6.505962
-0.881783
-2.424032
-6.305326
-0.258495
-1.950457
-4.634413
-0.517731
-1.341914
-1.491848
-2.077699
-1.897466
-1.095180
-0.805479
-2.657295
-0.855114
-2.853386
-2.792397
0.306367
-3.323551
-0.829658
-1.504436
-3.245310
-1.370711
-1.015161
-1.371481
-0.882626
-3.057429
0.426121
-8.651432
-2.825620
-2.752759
-2.998081
-2.998598
-0.495106
0.545786
-0.665494
-2.273244
-2.396117
-0.391853
-1.578252
-0.779854
-0.704513
-2.232664
-3.424819
0.540021
-1.449134
-3.717736
-3.902307
1.166549
-4.155425
-0.776318
-5.628991
-3.131473
0.870571
0.228487
0.044662
-2.496193
-2.862083
-5.381245
-1.305392
-0.255002
-1.282529
-3.427893
-1.676113
-1.735299
-0.701968
-1.705210
-0.079756
2.857179
-0.734399
-3.201641
-5.524050
-1.572483
-1.289796
-0.496266
-1.638875
-3.726053
-2.655334
-2.061482
-4.162829
-2.673550
-1.763907
-0.352600
-1.022860
-4.710709
-1.292094
-4.524342
-4.484022
-2.153975
-5.278745
-3.337610
1.356421
-6.404714
-3.915746
-2.296416
-0.201253
-1.836448
-3.348949
-4.617315
-3.194667
-1.636818
-1.251963
-3.116869
-3.072664
-0.854726
-1.153424
0.429950
-2.036185
-0.491309
-1.365022
-2.831843
0.509833
-1.267429
-2.444112
1.175412
-0.871568
-2.850835
-3.496029
-6.549103
-2.935703
-1.518343
-3.464787
-3.016159
-2.741058
-2.321341
-1.162292
-2.962302
-3.464950
-2.732442
-1.278508
-1.445358
-2.699520
-3.739523
0.636027
-1.904938
-2.485048
-1.589751
-1.099756
-0.036375
-1.149800
-1.205418
-2.890497
-0.228292
-5.605013
-1.478838
-3.713619
-0.771772
0.635687
-2.933015
-1.525695
-0.163250
-1.191511
-3.490896
0.104071
-0.771307
-2.642830
0.663047
-1.552279
0.769559
-3.741674
-2.056427
-0.825104
-3.215518
-1.945972
-0.477327
-2.474998
1.245107
-2.049529
-0.144235
-2.792033
0.388739
-0.516434
0.592426
-1.368930
-2.006709
-0.755023
-1.047377
-1.078971
-2.676252
0.759901
-3.542728
-2.726289
-1.442561
-2.532715
-4.768301
-4.599759
-4.287012
-2.904533
-1.447936
-2.482629
-2.889252
-3.119402
-3.279396
-4.506281
0.100748
0.096330
-1.315423
-1.999984
-1.255355
0.548143
-2.594047
0.590545
-0.195958
-0.142645
-2.467958
-0.747305
2.244998
-0.561321
-0.899734
-2.395957
-1.387561
-1.405928
-6.262406
0.774138
-3.780142
-0.447189
0.662724
-3.407978
-1.506665
-1.457936
0.207073
-2.209280
0.041154
-2.260431
-2.244335
-0.155453
-3.252514
0.416016
-0.387620
-2.692762
-2.022255
-2.314451
-2.040656
-1.883771
0.114243
-0.522089
-3.136671
-1.977194
-1.872568
-1.445461
-1.195027
-4.299178
1.445941
-2.262822
-5.258519
-1.214122
-3.285992
-1.762357
-0.852651
-4.928653
0.180553
-2.314582
-2.884126
-0.306374
-1.391744
-1.927264
-0.695008
-1.079596
-1.391821
-3.111291
-3.160518
-1.310650
-1.777714
-2.204721
-2.066053
-3.415336
-2.915400
0.064376
-1.407403
-0.155583
-2.849223
-3.826101
-0.333638
0.477378
-3.224792
-0.554599
-1.333575
-1.131015
-2.684981
0.104155
-2.100874
-2.232942
-6.661791
-3.286809
-2.881864
0.273730
-2.683088
-0.047787
-3.285948
-2.517702
-5.326574
-1.720588
-2.851004
0.088979
-3.286259
-0.119900
-1.966853
-1.877348
-1.766282
-2.265287
-1.898138
-1.004942
-0.451069
1.588837
-4.654313
-1.512858
-6.001069
-1.741810
-1.836453
-2.565309
-3.615935
-1.822479
-1.272321
-0.454835
-4.976110
-0.161633
1.772628
0.936952
-2.112814
-1.723153
-0.281148
-2.345556
0.244676
-2.677826
-4.622588
0.224543
-2.610874
-1.648053
-1.912463
-0.356762
-2.264020
-5.759153
-0.458661
0.788617
-0.462508
-0.121644
-3.128091
-3.218906
-0.113299
-1.269992
0.125604
-1.054578
-5.445291
-4.829880
-4.592962
-0.891447
-0.144082
-4.557043
-3.518802
-4.414738
-1.372231
-0.918007
-2.752218
-0.965888
-1.011443
-1.133774
-1.885135
-2.681321
-2.062690
-1.793268
-3.000677
-2.745724
0.256999
-1.919545
-5.268008
-0.754283
-1.670159
0.081762
-2.983835
-2.652681
-5.487807
-3.198665
-3.246616
-1.480551
-1.105369
1.132450
0.405895
-0.244824
-4.243789
-3.728466
-1.720455
-0.536737
-2.607840
-0.680070
-2.298654
-2.262231
-0.956381
-3.830180
-2.506428
-2.660798
-2.501306
-1.587537
-7.086004
-3.214186
-3.476465
-0.800403
-4.213526
-2.158185
-2.765656
-2.062142
-1.625444
-3.415685
-1.222359
-3.796862
-2.192905
-3.567724
-0.061094
-0.552821
-4.876874
-0.949194
0.155940
-1.185769
-5.392087
0.143774
-1.198032
-1.817352
-1.621347
-2.888440
-2.590309
-1.676432
-0.133722
-1.956548
0.041958
-2.940803
-1.235165
-1.659445
-2.473669
-0.824075
-2.643491
-1.092868
-2.086951
0.000810
-1.097507
-3.537393
-1.496243
-1.814602
-0.726259
-2.385370
-2.628871
-2.412338
-1.482195
-1.637147
0.128983
-2.438380
1.031116
-1.372437
-4.180344
-1.766186
-0.391906
-0.840850
-2.170285
-1.588117
-2.093889
-3.468722
-3.380885
0.429613
-1.424823
-4.617656
-2.560928
-6.823860
-1.313737
-0.527067
-0.178971
-2.584445
-3.696826
-4.321937
0.013294
-1.116356
-1.619675
-1.838447
-1.223823
-0.279896
-2.636579
-1.705335
-4.099892
-2.540798
1.587617
0.817352
-0.437150
-1.965343
-0.741633
-0.406420
-1.058829
-3.026312
-1.294767
-3.373133
-3.403073
-2.312905
-0.496499
-3.636820
-1.520504
-6.869441
-4.460355
-2.944586
-4.277100
-2.951547
-1.799786
-2.785897
-1.307260
-0.680859
-4.006112
-1.413014
-0.642036
-5.288392
-5.159126
0.217535
-0.361955
-3.795419
-2.478842
-1.708788
-1.905793
-1.748155
-1.874148
-0.445671
-2.367264
-1.242881
-3.481142
-1.328232
-3.027964
0.821035
-3.760574
-1.304782
-2.090452
-1.550466
0.280393
-3.089815
-2.704656
-4.133198
-0.491671
-2.769139
-1.660149
0.250561
-2.698572
-1.374901
-1.501183
-2.269320
-2.881558
1.255155
-4.132298
-2.422407
-0.565894
1.072015
-1.771620
-1.774193
-4.281200
-1.844920
-1.039857
-0.268835
-1.186216
-0.940590
-8.763754
-1.214249
-3.188424
-2.396695
-1.360965
-2.251582
-5.779032
-1.630916
-0.400890
-2.183762
-1.187525
-4.941912
-0.389721
-0.134016
-2.063950
-4.543399
-4.490946
-4.532184
-0.640244
-1.021381
-0.616870
-2.483090
-1.647855
-2.948826
-3.182121
-3.559029
-2.487655
-3.410789
0.464376
-3.925557
1.698043
-0.788410
-1.129735
-3.831424
-2.720821
-1.543930
-4.086818
-0.156518
-0.523436
-2.086647
-1.161961
-2.138974
-0.662812
-1.785331
-2.743163
-0.860520
-1.694745
1.668968
0.191433
-0.789394
-0.393179
-3.714777
-2.395412
-0.208251
-0.489648
-1.628636
-3.751319
-2.206267
-3.262851
-2.583448
0.465898
-1.509344
-2.196499
-2.038445
-3.112286
-2.150979
-2.758903
-2.018317
-3.056341
-3.858848
-1.132854
-4.042852
-1.572525
-1.370860
-0.183171
-1.743711
-2.275707
-0.693672
1.341985
-2.083145
0.095282
-1.916565
-2.540536
-0.635857
-4.080893
-2.748817
-1.236675
-3.807878
-1.317493
-3.157394
-2.718326
-1.062684
-4.629709
-1.044414
-1.972441
-1.430013
-1.151532
0.006959
-0.271937
-1.673315
0.108996
-1.139730
-2.631560
-3.721557
-3.465661
-4.496293
-4.222154
-0.774292
-0.901551
-2.281896
-0.942066
-3.031579
-0.632778
-1.948567
-2.290221
-2.975424
-1.915244
-0.454025
1.451729
-1.313052
-3.141034
-1.974080
-5.168303
-2.160913
0.357362
-2.111440
-0.556763
-1.013582
-1.230558
-1.869536
-5.549047
-2.040364
-1.558249
-1.634233
-2.304202
-2.222067
-3.402567
-2.237383
-4.672075
-3.575577
-1.110372
-2.168235
-0.881314
-2.838502
-0.103249
-1.743471
-2.311656
-1.370664
0.163854
-4.023108
-2.853325
-1.343522
-2.321116
-0.506668
-1.934292
-1.641324
-2.479046
-1.186631
-2.337586
-2.789850
-3.478544
-3.925254
-5.151725
-2.291621
-3.632381
1.150561
-0.670754
-4.767656
-2.024447
-2.253562
-5.351278
-0.496293
-1.888912
-3.043542
-0.437115
-1.033111
-5.838228
-1.716274
-2.031193
-2.635572
-1.669198
-1.070976
-2.428610
-0.220604
-2.342180
-0.635976
-2.562592
-1.367124
-4.699957
-3.340583
-2.147323
-0.173560
-0.183206
-1.117256
-0.708962
1.180981
-1.305553
-0.360924
-1.491459
-0.862232
-2.244053
-4.054909
-1.881401
-2.554841
-0.417158
-8.593226
-4.718058
-2.157531
-1.753250
0.899791
-3.151084
-1.495544
-2.541075
-1.670048
-3.364690
-1.744093
-1.430088
-2.975754
-9.062738
-1.483566
-2.236167
-1.103152
-1.227697
-2.092642
-3.316267
-5.760545
-0.168816
-1.431885
0.077083
-1.954399
0.084591
-1.507600
-0.747641
-2.697126
-0.729286
-5.412407
-4.649521
-3.651295
-0.320868
-5.026480
-3.644118
-0.655581
-2.832309
-2.748670
-1.835157
-4.821000
-0.921982
-1.157451
-1.413010
-1.946968
-7.069002
-2.143916
-6.538446
-2.350177
0.539010
-1.287273
-0.192800
-1.893359
0.003051
-3.375394
-0.968657
-1.680054
-0.674504
-0.424120
-5.030179
0.635543
-0.563054
-1.593730
-2.197323
-4.702093
-5.272892
-5.417315
-0.993849
-7.279567
-3.301336
-0.521773
-2.120897
-1.546259
-4.980818
-0.606728
-2.477251
0.121306
-0.339998
-0.548483
