-10.230774
8.870411
0.850309
-8.253793
-4.288667
-7.731947
-5.781854
3.896146
-5.693712
-4.060358
-7.219947
-7.789042
7.482346
3.823080
9.477916
-3.838389
-1.564444
0.742730
-1.064731
-4.641672
-1.234534
-0.399237
-3.116046
-5.105242
-3.832505
-1.250602
3.609585
4.390477
-8.732091
-8.183647
-8.439347
1.500532
-7.636561
-3.998066
-2.885989
-2.722856
-4.769304
-2.948746
-4.305371
-3.171280
-2.954340
-2.010520
-2.077056
-3.887997
-1.687082
-2.482119
-2.730702
-2.044770
-2.438438
-1.448971
-2.720678
-2.834080
-3.013027
-3.944698
-1.803141
-4.505354
-2.858345
-1.192023
-2.387006
-8.207864
-7.624712
-7.411683
-8.527678
-7.876706
-6.244046
-0.935002
2.063118
-0.595544
1.437286
-1.930735
1.635076
4.278594
-2.800510
3.021874
0.682850
-0.979561
-0.782772
2.051112
0.864599
-1.424646
-0.121094
-7.982534
-2.471869
6.558209
2.265503
1.183489
-3.127204
-2.154724
-3.815565
2.556201
0.062404
-8.111360
-8.359710
-7.842129
-7.726529
-8.716838
-8.022751
-8.259409
-8.274771
-8.366817
-4.749104
-9.007156
-8.647737
-2.212464
-9.083521
-8.790402
-8.275091
-9.106853
-7.781507
-8.457786
-7.902431
-8.540554
-7.275263
-7.755586
-9.416901
-7.791237
-8.647667
-9.218060
-8.134330
-8.396559
-7.546638
-8.272593
-9.373672
-7.799976
-8.501942
-8.507820
-7.993961
-6.976927
-2.608232
-8.409916
-8.486562
-8.352677
-7.678235
-8.479659
-7.839627
-8.727337
-7.706855
-8.251326
-8.682669
-8.820626
-8.767781
-8.232945
-8.355601
-8.336173
-8.448801
-8.330095
-8.464963
-7.850676
-7.975220
-8.747391
-8.073953
-8.348191
-7.852464
-8.326463
-8.272681
-8.824640
-8.678575
-8.850139
-7.680151
-8.054406
-8.441556
-8.606436
-8.323735
-7.853837
-8.543457
-8.541735
-8.025208
-7.653974
-8.358837
-7.647469
-7.488338
-8.478666
-8.440933
-8.183428
-8.359658
-8.399407
-8.107060
-7.935461
-8.946014
-8.498990
-8.760393
-7.606975
-9.513900
-9.019115
-8.407906
-8.602890
-9.096675
-8.326191
-8.021221
-7.708215
-8.513028
-8.615454
-8.040751
-8.366055
-9.134312
-8.523971
-8.443486
-8.538040
-7.928933
2.595939
-7.915173
-8.746720
-8.370112
-8.237479
-8.867942
-8.001738
-9.127192
-9.068406
-8.314724
-8.510448
-8.585776
-7.814252
-7.508620
-8.783725
-8.801179
-8.494084
-8.247939
-8.802632
-8.147565
-8.516541
-8.286448
3.070370
-8.113394
-8.093948
-8.554391
-7.870992
-8.163586
-8.032434
-8.429258
-8.363893
-8.365108
-8.418592
-8.082794
-7.925473
-6.837697
-8.437524
-8.623124
-8.037489
-8.418256
-8.472972
-9.320535
-8.649947
-4.724759
-4.340661
-7.988837
-8.899080
-8.062353
-2.089006
-8.213552
-8.542569
-9.215281
-8.634409
-7.821468
-8.778592
-9.097906
-6.076455
-8.154166
0.260323
-1.089504
1.377887
0.004973
-2.612486
0.222924
1.465676
1.472617
9.092642
8.502114
0.857979
2.690603
-1.217663
-0.376543
-3.357049
-2.097158
-0.589890
0.543793
0.669864
-0.583562
-0.236509
5.915686
-1.731167
1.061840
-2.854505
0.988604
1.573902
1.442283
1.509306
-4.540061
0.389149
2.752051
6.154676
-4.629383
-0.655505
-0.675946
-2.372290
2.973474
-1.465870
-1.189862
-1.611167
1.674525
-2.709649
-0.897264
-4.061500
0.747993
4.898437
1.892952
0.219319
-1.148892
2.577042
2.099190
1.526192
-1.441232
-3.885660
-1.606422
-1.113771
-2.062006
2.775952
-1.014159
4.710517
-1.740834
-2.946278
-0.071326
-1.062833
-2.855943
-1.176201
-1.134216
3.774582
0.048103
-0.040363
-2.656693
-2.945684
-2.041466
-2.480504
-0.803456
-2.060221
-1.162769
2.155629
-2.648383
1.286076
-1.489938
-4.443174
-0.301327
-0.779650
-5.620713
-1.749002
6.285234
-7.928165
3.649190
-0.148030
5.482001
-2.109197
-0.826527
4.152646
0.669137
-1.370692
4.558944
2.234373
1.303874
-1.764660
-2.362695
1.242898
-0.766845
2.825562
-5.663781
-1.181323
-3.060950
-1.511758
-3.137841
-7.848277
1.497786
1.707226
6.086162
-0.722117
1.076587
-0.437965
1.478174
-2.323073
0.171661
-7.435237
-7.983880
-8.641821
-8.414628
-8.452389
-7.056915
-1.331586
-0.836825
0.847113
-0.000581
-3.633538
-3.626813
1.352838
-1.343281
-1.100069
-4.202830
-0.440198
1.696195
2.573715
8.264927
-0.428208
-3.245112
-1.696700
-3.556024
0.221211
-2.821446
1.551142
-0.209501
-1.407386
0.103753
0.409050
-2.466905
-3.966558
-2.590666
-1.282463
1.626648
1.660365
-2.517922
-1.952977
5.462791
-7.676636
-2.891491
1.160282
2.691155
-0.152626
4.898320
0.416093
-2.863801
0.303334
7.538003
-6.512362
-2.020009
-1.815113
-3.883126
-2.756415
-3.958107
-3.633684
-0.986748
-1.916935
-0.690404
1.048068
8.533238
0.229493
0.226753
1.661445
-1.349946
6.655994
-3.685511
-0.203031
-5.019850
-3.921632
-6.662398
-1.267330
-2.271478
-2.240465
0.273085
0.276544
0.742320
4.154587
3.408376
-1.739094
-1.855052
-0.628240
-1.736202
-3.737797
-5.519145
-2.586806
-4.142252
0.453852
-2.923761
-8.051637
-5.767930
-4.852793
3.038985
0.198560
-5.797348
-0.421895
-4.057621
0.077247
-5.766159
-1.750502
-7.072104
-3.251773
-1.115885
2.747812
3.429558
-1.025258
0.411544
3.233236
-2.162405
2.015502
-4.255374
2.727872
-3.298695
1.646355
-1.298203
-2.429174
5.299239
-4.083643
-4.940824
-1.887235
-1.066448
-1.780277
-3.551750
-1.416739
0.220233
-2.738636
-3.156157
-0.376691
-2.821357
1.945267
-2.523198
-3.963292
-4.341034
0.346759
-1.193025
-1.277410
-3.544389
0.052553
-2.861055
-2.609519
-4.824369
-1.364767
-1.797268
-2.255334
-7.208517
-3.215488
3.128843
2.622168
-0.600693
-9.447810
-1.307606
-2.870736
-0.294337
4.052850
1.827223
-2.254812
-1.712066
-0.096806
-8.270100
-0.651467
-3.606220
-3.464678
0.890286
-1.888518
-0.793214
2.042129
-3.649642
0.070257
1.354790
1.096288
-2.167264
-0.048935
-0.287186
2.098635
-1.012787
-2.658894
-4.148123
-0.265719
-3.280693
6.504303
-5.930268
-4.549645
-0.357092
7.976784
-3.885036
-2.437927
-4.332577
1.770295
4.124762
3.356833
-7.432374
-0.211683
-2.342892
-0.577204
-0.453276
-2.124104
-3.062818
-3.583487
-0.471431
-4.432091
-2.258946
1.845364
4.694954
0.244756
6.885710
-2.520545
-1.219424
-2.889945
3.022347
-1.343338
-1.565118
4.036919
-0.825652
0.842033
-2.918853
-0.589959
-5.515832
-1.520221
0.663084
-2.824693
1.215137
-1.861685
-6.136459
-1.781342
2.295028
-2.263269
-0.434714
-1.274219
-1.427160
-3.275368
-5.908989
-5.334905
-1.764999
0.602365
-1.839977
1.342056
2.784494
-3.740732
-3.769172
-4.702712
-3.478584
-4.691640
0.461650
2.535069
-0.424073
-2.701891
-3.493851
-3.922822
-3.248789
-6.820397
-7.844318
-4.917521
-0.369629
-1.584469
1.353887
0.572421
-1.617657
-2.500328
3.111683
-0.567205
-4.479856
-2.877930
1.161428
1.406207
1.382452
2.999677
-1.994843
-0.133064
5.865057
0.790387
-0.886022
0.669104
-7.766261
-4.011525
1.666497
0.318265
-0.069633
2.625428
0.726613
-3.448915
2.203039
3.009383
-1.796106
-3.648695
-0.629054
6.310572
0.296014
-5.242562
1.138423
-5.935985
-0.153802
-0.206803
2.061589
-1.405002
-0.756175
-2.907738
-3.600875
0.832342
-1.296057
-1.266193
-3.046837
1.282349
-2.413415
0.235697
-1.172686
0.607418
-5.798769
-5.629727
2.582538
-4.097787
-1.234192
-1.025355
0.368303
-1.520323
-1.667313
0.440844
-0.741840
-2.699593
0.264202
-2.692037
-0.936654
-7.837787
-0.143340
-1.406002
-0.752849
-3.548835
1.005931
-1.188313
-2.192752
-4.816781
-1.879295
2.640260
-4.397581
0.406763
-0.595370
-0.900605
-8.611166
-5.433360
-0.944683
-2.109690
-1.628935
0.522668
-8.419464
-2.191517
-0.993916
-1.850416
-1.688040
-6.695723
-4.759320
-1.892270
-1.268408
0.831906
-1.616068
0.629798
-2.167681
-2.289393
1.820766
3.161585
-3.758759
-1.710631
3.221599
-3.635716
-1.574643
-4.878066
4.794915
-3.467540
0.184736
2.635772
-2.734484
1.571523
0.777016
1.232116
-2.297593
-2.844325
3.852607
0.213959
-8.346015
-1.121765
-0.612597
-2.864829
-1.732951
-0.453968
-1.435528
-5.034719
-5.221457
-5.062502
-1.926865
-0.713217
-3.226352
4.323207
0.639624
-4.401755
2.379931
0.948790
1.364552
1.306433
1.251814
5.268495
-4.893008
-2.325451
-3.148219
0.340880
-2.266596
-1.018248
-0.646083
-2.918154
-5.458508
2.477411
-0.777156
-1.719957
-3.421717
-3.372798
-6.270564
-3.362990
-2.107743
-0.924214
-4.588293
0.226526
-2.714913
4.089374
-2.238098
-1.647730
-0.394602
0.672015
-3.350564
-1.067155
-3.189944
-0.087584
-1.571064
-3.913977
-0.079004
-2.175185
-5.722167
4.024267
-1.062490
-0.084131
3.607339
-6.571921
-6.261436
-4.270035
1.023911
-2.994080
0.928949
2.190671
-4.315854
0.696632
-2.543904
-6.798137
-1.911900
-1.704108
-1.376272
-2.584751
-0.075008
-0.832559
-2.059465
-1.323945
-3.795069
-3.626609
0.318237
-6.059296
-3.426689
-1.443805
-2.119470
-0.857461
-1.038614
-1.122220
-4.063396
-0.366951
-4.258264
2.876436
1.107323
-2.017483
1.654855
-1.302487
-1.525067
0.796290
-8.329568
1.348084
-4.599585
0.012352
-6.715907
-3.493349
-3.739891
-0.741616
-1.403494
-0.576745
2.058330
5.302943
-4.282922
-2.101612
-3.723456
0.246559
-2.827997
-3.275135
-0.372133
-2.629417
0.323369
-3.713093
-1.931547
-8.895789
0.589951
-1.389982
-4.211225
-1.321972
-2.247042
0.974656
-6.226272
-1.315376
-0.071411
-2.758308
-3.524662
-0.235074
-2.132814
-1.442001
-6.305899
-4.302359
-2.833034
-2.515999
2.604836
1.243187
-1.251451
-1.298804
1.337971
-1.690014
1.859634
-2.653234
4.898697
0.399693
-2.000717
-4.174078
-5.470283
-5.721507
-2.310797
-0.199040
-4.479909
0.589351
0.017453
0.851779
0.805232
-3.393485
-1.112324
-0.031226
-2.260448
-2.785949
-3.011943
-2.446355
-2.663332
-3.819184
-6.985589
-3.146525
-0.950820
-2.339815
0.423290
-3.243666
-7.647861
-3.716437
-4.565447
0.064704
0.599182
-6.491199
-3.716269
-2.246602
-5.223385
-6.855144
-2.158766
-0.796156
3.128635
-2.140389
-1.958146
-0.048873
-3.729104
3.947270
-4.064888
-1.116115
-0.694031
-2.859080
-3.358533
-1.374189
-4.390362
-1.235909
-4.480676
-3.807739
-0.452871
-6.538555
-3.980315
-1.154109
-5.460478
-0.253223
1.414936
-7.377226
-3.280723
-3.437602
-2.616437
-0.973963
-4.536957
2.449911
4.369496
-2.322322
-3.196456
-2.103275
-2.484581
-2.239627
-4.917820
-3.421182
1.722272
0.932134
1.960335
0.216872
-0.727900
-1.128135
-2.749121
0.813426
-0.520704
-2.617823
2.125765
-2.241795
-4.564006
-0.588683
-1.842038
-1.561336
1.019192
0.902871
-1.851486
-2.435641
-4.848015
-3.466971
-0.586719
-7.314770
1.255581
-1.136465
-5.390555
-1.080016
-3.415965
-3.662720
-3.565212
-2.394078
0.733734
-2.112275
-2.804178
-2.937214
-5.225549
4.453844
-2.571104
-2.885036
-0.617902
-0.186290
-1.204949
-6.318398
1.988164
-2.511317
-3.921785
-5.755386
1.032785
1.105329
0.954420
-0.902030
-3.054528
2.217019
2.046990
-1.885187
-1.811737
-0.396875
-2.511738
2.204127
-2.346514
-3.528536
0.448142
-2.191521
-9.666659
2.185693
-1.712605
0.485092
-4.549690
-8.611350
2.395994
2.815560
-1.431965
-2.472295
2.672593
-3.245841
1.381983
-4.919087
-7.832874
-2.855478
-4.182316
2.367541
-0.402416
-3.227614
-1.217293
-4.358676
-1.134740
-1.873924
-4.720582
2.491207
0.852226
-5.887943
-2.859835
-0.481744
-2.764602
-4.006801
-4.290043
-3.026489
-5.277929
-6.666472
-1.025498
-1.127839
-2.880493
-0.327790
-4.833179
-0.825166
-2.718116
0.566893
-0.727707
-0.266163
1.336338
-1.405827
-1.351032
-1.389665
-1.121142
-3.857659
-0.107466
-1.132710
0.288584
-7.742974
-3.232882
-5.097023
0.261495
0.135064
-2.246699
1.446152
-2.061870
-1.177493
-0.651231
0.475735
3.054147
2.020126
-1.225340
-1.914941
1.259698
-2.254711
-0.135171
-1.899138
-3.737171
-0.094320
-3.120458
3.480457
-1.737073
-4.802948
-2.900515
0.537198
-3.414803
-3.455879
0.599336
-3.453504
1.257008
1.153243
-3.648462
-1.175629
0.050439
0.453871
-2.223517
-0.977505
-1.640233
-1.383107
1.686946
-2.192384
-1.726962
-1.935768
-2.223591
1.003953
-0.386006
-3.709291
-3.901094
-2.943317
-1.203509
-3.326108
-3.512959
2.807900
-5.350937
-4.438196
0.843025
-3.139521
-2.085772
-2.085186
-0.965001
-1.863180
-5.281513
-4.908646
-3.905329
-2.804523
-1.066204
-2.141666
-1.790167
-2.595592
-2.245517
-4.202378
-2.140421
-2.651881
-0.737352
-4.178613
-1.742607
-0.206974
0.508736
-4.754490
-1.873257
-2.399404
1.679530
-6.835433
-8.033503
-0.966692
-1.732138
-8.455458
-2.567198
-3.310668
-4.062449
1.154192
1.667648
-2.976551
-2.618732
-1.175198
-2.229125
-2.547324
-4.746595
-5.858516
-2.693510
-8.070516
-6.848263
-1.626576
-5.894851
-1.874002
-2.793162
-2.082355
-7.379695
-0.542288
-0.809418
-2.342516
-1.014529
-1.080948
-4.038102
2.947404
-3.152386
-3.103862
-2.506522
-2.625122
0.824366
-0.692315
-4.369738
-4.592112
-4.143553
-4.146546
-4.214924
-5.954866
0.004725
-6.215386
-2.404987
-2.299767
-1.520063
-5.042555
-1.267108
-5.374946
-3.056672
-3.627565
-4.208143
-4.168284
2.202589
-3.138534
-1.425509
-2.248948
-1.564810
-0.423585
1.811436
-5.697955
0.583425
-4.710773
2.585474
-6.337030
-7.006671
-0.636342
-1.971479
-2.287534
-2.324841
-3.249063
-1.316001
-0.521750
-2.481135
-0.750595
-2.480120
1.513279
-2.804336
-4.026530
-2.111753
0.421578
-1.241164
-3.533071
-1.756630
-2.953313
1.612347
-1.601482
-0.383386
-3.334053
1.313548
-7.875093
-3.895553
2.125198
-2.629955
-5.119639
-5.433967
-2.850809
-1.314725
-9.020303
5.602721
-2.403718
-1.870967
-0.981524
-0.044082
2.076464
-0.540867
-1.969868
-2.592332
-0.000993
-3.825265
-4.897780
-3.087613
-5.663159
-0.547692
0.497199
-2.780952
-2.543952
-0.302328
2.987867
-6.984137
-5.181733
-3.372137
-5.555802
-1.604936
-1.793054
-7.938660
-5.362342
-1.507132
1.225550
-3.310986
-3.791256
-6.956618
-1.603391
0.102048
-1.363991
-1.300384
-0.734630
-0.156249
-0.739340
-3.270142
-2.052193
-2.686796
-2.852711
-1.821699
-1.889668
1.412319
0.038233
2.248298
-4.116939
-0.079412
-3.180690
-2.855532
-1.449978
-2.026029
-4.601733
2.309204
-1.999587
-2.764299
-2.351187
-3.068422
-1.541671
0.655095
-3.088817
-0.775537
2.967221
-3.946744
-1.941676
1.310942
-2.365136
-3.841132
-1.453981
-1.175004
-3.541371
-3.923058
-2.390792
0.168651
-1.253077
-3.242901
3.883927
-0.310252
-4.537604
-1.655479
-5.385091
-3.667841
-7.570292
-1.834376
-4.467316
-5.220151
-2.646189
-3.394026
-3.523679
-1.641829
-0.939950
-3.624723
3.291567
-4.060292
-2.742659
0.508401
-6.030051
-6.653780
1.372274
-3.564911
-4.154355
0.661184
-2.800659
-1.255459
-3.634208
-4.412711
-6.403919
-2.580753
-2.811824
-0.860283
-1.958272
-1.730479
-4.279083
-2.881079
-2.791941
-0.647701
2.801667
-0.271095
-3.873736
-6.292014
-3.333111
-5.239773
1.939753
-2.530109
-5.493588
-1.959315
-2.071452
-3.495211
-0.235753
7.516168
-2.420708
-0.964764
-2.553956
1.292892
-2.787525
0.003337
-3.669602
-2.910382
-1.854801
-3.365053
-2.836972
-7.188813
-0.038576
-5.779815
5.980650
-2.209225
-2.806692
-2.162024
-7.973607
-4.319353
-0.988690
-8.685680
2.100950
-1.365103
-1.705692
-2.311440
-2.642033
-3.298760
-3.663136
0.251583
-1.642960
-0.790505
-2.490574
-0.660949
-0.053516
-6.456333
-2.196640
-5.118113
1.502834
1.033873
-3.169832
-1.077953
0.238648
-1.413949
-0.193461
-3.408298
-1.608578
-2.756518
-2.887885
-1.604089
1.537376
1.399067
3.008665
-1.748275
-1.741020
-1.191134
-5.066120
0.275011
-1.968562
-4.301869
-2.837604
-3.672953
-6.892222
-2.392258
-1.519565
-2.122602
-5.412944
-2.377964
-2.078665
-2.181081
-1.265649
-7.847707
-0.892916
-3.313792
-4.058968
-0.250306
-4.090309
-4.631884
1.625935
-6.076288
-5.785119
-4.176344
-3.388935
-2.143132
-0.411723
-0.373195
-3.098283
-0.981102
2.032839
-3.678829
-3.564031
-1.118248
-3.572484
-1.322009
-3.493575
-3.940886
-2.000873
-3.725874
0.535392
0.771283
-1.030817
-3.664479
-1.777749
-3.180251
1.412351
-0.391833
0.811280
-3.127431
-1.931567
-3.504600
-3.064729
-4.273573
-3.017520
-2.819382
-3.436343
-1.386262
-2.450182
-3.625016
-2.398870
-3.601308
0.102181
-4.073177
5.317864
-6.364850
-2.946991
-3.942577
1.992674
-3.921888
0.973612
-1.787066
-6.537073
1.385480
-2.064854
-4.745158
-0.073047
-5.106319
1.140818
-3.266861
1.333094
1.460601
-1.321787
-8.656500
-4.108894
6.601364
-2.984097
-1.260848
-1.007424
-3.453488
-3.862289
-7.896977
-0.852564
-2.765826
3.065542
1.265664
-4.945086
-0.195483
-2.698774
-0.404960
-2.339565
4.686270
1.319501
0.161342
-5.113087
-4.188624
0.437169
-5.844283
-4.355543
-1.137704
-1.421825
-1.724944
1.741561
2.681786
-6.230420
2.836818
-3.233633
-1.832952
0.012895
-4.381614
3.059475
-6.427757
-4.187966
-2.072941
0.115658
-4.224293
-1.625118
-0.855651
-6.358014
-5.172825
-3.943647
-2.462428
-1.979061
-0.175710
-1.127204
-2.764664
-3.853946
-3.173878
-2.335261
-3.414527
-0.387244
-0.010680
-1.863005
-1.205477
-2.314180
-2.255714
-0.714594
-5.783481
-1.264351
0.862671
-1.942921
-3.882278
-2.502395
-5.410962
-3.364294
-0.008691
0.168078
-2.382509
-2.185187
-2.892471
1.093924
-3.544308
-4.902492
-2.374590
-2.734381
-3.191611
-3.770480
-2.911597
-2.713839
-2.505446
-1.552266
0.318806
-3.035260
-0.957447
-3.127306
-4.905067
-0.618798
-5.735173
-5.776999
-0.836227
-0.087272
-4.075128
-1.471873
-0.879351
-4.697665
2.620759
-1.268844
1.127910
-6.027417
-5.497108
-0.272625
-0.297280
2.248257
-4.154489
-2.288283
-2.033633
-2.158209
0.834086
-6.415709
-5.111386
-2.902599
-8.119425
-6.601029
-0.847478
0.701416
-1.829868
-3.958575
-2.020920
-1.291235
-1.447298
-5.763267
-1.575501
-2.373237
-1.763631
-3.603078
-3.644506
-2.312624
-0.316534
-0.069849
-0.289096
-3.446310
-5.071332
-3.059191
1.413073
-7.343194
-2.377417
0.075622
-5.866528
-0.539784
-1.877930
-2.834683
-3.199614
-3.414654
2.653283
-3.739526
0.106256
-4.835533
-3.866606
-3.808829
-3.546848
-1.816822
-2.798239
0.610867
-2.850118
1.569593
0.317861
-2.266786
-1.537702
-1.951678
-3.160467
-2.055015
-3.942832
-4.545454
5.079309
-0.196595
1.831779
-1.466973
-2.012726
3.870765
-1.405598
-1.508573
0.275020
-3.123682
0.967608
-0.998597
-2.049108
-3.857003
-0.012826
-2.574195
-3.057791
-0.072465
-5.137788
-1.831920
-3.757451
-0.620505
-1.825851
-0.051690
-2.525094
-1.596677
2.720339
-3.712901
-3.793994
-4.958690
-2.641691
-7.594565
-4.608263
-1.576457
-0.447920
-3.174026
-1.431196
0.211230
3.386449
-3.040890
-3.095765
-3.812076
-4.319958
-1.978458
4.217624
-4.000406
-3.442294
1.130407
-0.952030
-0.521823
-1.144331
0.100129
-3.982550
-1.814007
-1.839844
0.614892
-6.535057
-3.950056
-2.044204
-1.064898
1.280599
-7.637155
-3.535448
-1.445634
0.672834
-2.193986
-0.559186
-2.212477
-2.823016
-1.276718
0.886623
-2.172706
-5.221354
-2.689736
2.539681
-4.281890
-8.740216
-4.382364
-1.836308
-8.705091
-1.464250
-3.196249
-2.182550
-3.099461
-0.941999
-2.153399
-0.232676
-2.711130
-3.958361
0.812267
-3.385329
-1.001915
1.204333
-2.817014
-5.262138
-1.343091
-8.483955
-1.841252
-6.693953
-5.871814
-5.194813
-3.032742
-1.825813
-5.007551
-3.747880
0.784212
3.359442
-0.059706
-3.864971
-3.046045
1.327139
-2.872021
-4.211654
-1.239383
-2.207407
-2.599281
-2.169937
-0.183040
-4.626501
-2.315635
0.477595
-5.723324
-2.518932
-1.865110
-1.567259
-3.232756
2.940079
-8.586855
-5.564404
-1.258218
-0.139028
-0.970231
-3.788738
-2.946792
-2.877775
-1.597447
-2.718047
-4.305175
0.118279
-3.588099
0.024346
-7.467144
2.030376
-2.195008
1.043700
-7.206147
2.014922
-1.416729
1.703755
2.364593
-0.309558
0.839924
-3.626121
-3.057678
1.844623
0.683988
-6.755847
-2.023067
-1.447815
-0.959052
-1.425947
-4.057383
-0.808571
0.380539
-7.445992
-4.090457
-2.825374
-1.082529
-2.220813
-2.219014
-1.964869
-0.919091
-2.796846
-1.970728
-2.975847
-1.007041
-6.308653
-5.878645
0.989646
-0.535715
-1.159904
-4.509115
2.435633
-7.304055
-1.433017
-3.643675
-3.709773
-5.109341
-0.986704
0.948327
-4.022110
-2.707905
-5.480045
-2.310163
2.034678
-2.160785
-4.198870
0.899136
-4.444045
0.838910
-5.110063
-5.207771
-7.088583
-0.803076
-7.051666
-2.044472
-1.276853
-4.960244
0.058928
-0.624987
-3.626702
-0.030042
-3.116269
0.155240
-3.956772
-5.662375
-2.255321
1.566842
-6.641300
-2.171949
0.084524
-1.552687
-2.585594
-2.267544
0.983195
-7.991182
-2.490125
-1.019613
-1.065517
-7.709269
-5.231784
-2.049877
-0.970032
-4.488476
-3.261595
-1.540734
-1.658788
-0.597295
-3.803539
-2.310325
-2.621430
-2.938530
-1.831333
-3.559704
-2.109822
-2.230388
-2.332588
-2.547031
-0.075618
-0.193793
-3.595525
-6.806739
-1.706000
3.563961
-3.703033
-2.440971
-3.613077
-2.019851
-3.935119
-0.151942
0.622041
-5.232886
-1.596627
0.869752
-3.091323
-0.760342
-4.000805
-2.062422
-2.188361
-1.270461
-1.435595
-7.313519
-2.868626
-3.387987
-4.011176
3.184314
-1.836251
-0.942073
-0.321258
-2.323826
-1.364197
-4.602189
-2.073868
-9.477064
2.161687
-5.864859
-8.855594
-0.164766
-3.995762
-2.263462
1.341055
-5.216781
-3.554003
-3.533540
0.957165
3.046277
-5.351264
-1.137870
-4.186130
-0.657008
-1.597409
-5.150751
-4.126022
-1.450736
-1.848036
-1.644528
-4.840153
-2.169853
-2.285817
-2.357670
6.425538
-3.453160
-2.237186
-1.247861
-2.327475
0.993886
-1.891596
-2.021952
2.322544
-4.926346
-2.821905
-2.622621
-2.574654
-3.183700
-0.800347
-3.744309
-2.077437
0.015042
-0.915379
-0.693349
-3.268996
-0.328912
-1.156956
-1.177897
-0.249615
-1.005550
-1.093374
3.237229
-1.211375
-1.919941
-2.532238
-2.981576
-2.074294
-0.020240
-3.647071
-2.129050
-1.032818
-1.428705
-1.597732
-4.471389
-1.464361
-0.706784
-1.347275
-0.925990
-3.570628
-0.996437
-0.228097
-3.412104
0.297977
2.315444
-1.414544
-3.010329
-3.464170
-0.217251
-1.933787
0.437872
-3.699096
-5.963911
1.370676
-0.196768
-2.151889
1.972889
-0.688407
-1.525288
-2.571408
-4.443342
1.508808
-4.990357
-0.044551
-3.410477
-0.329243
-3.328582
-0.861000
-4.128480
-8.182593
-5.764635
-2.693201
-3.382638
-2.942867
-0.805326
0.852772
-1.855602
-4.297088
-5.263197
-2.655099
3.678251
-0.026727
1.701776
-3.756229
-0.564620
-1.891321
-2.055705
-3.446021
2.162347
-1.527023
-3.711483
-2.361384
-0.131023
-3.755162
-4.260494
-4.755363
-3.487404
-3.088793
-2.506551
-2.340837
-2.702237
-2.252361
-1.968390
-2.769220
-0.341039
-5.212152
-4.044766
-2.599041
-0.191199
-4.326115
-1.401923
-2.546804
-0.711471
-8.335752
2.406039
-1.381059
-3.464613
-2.746609
-8.193530
-3.609022
-2.352374
-0.639411
-1.619189
-7.326180
0.892189
-5.851343
-3.117089
4.260604
-5.881105
-2.540423
-0.513041
0.962203
-3.698787
-0.176681
-1.676368
-3.687284
-4.004048
-1.542604
2.679257
-6.903293
-2.136893
-3.585461
-3.494467
-3.063630
-5.786608
-3.677735
-1.848149
-0.298315
-4.002923
-2.246508
0.662233
-1.539993
-3.804651
-3.194278
-1.068255
-0.931522
-2.325408
-0.299583
-4.888796
-2.719912
-1.341065
-4.314764
-3.244855
-4.519536
-1.715463
-1.410202
-1.982556
-2.397074
-4.694238
-0.853838
-2.312462
0.328620
-3.884174
-2.137351
-3.921754
0.699884
-1.955859
0.203180
-2.669665
-2.731868
-1.421095
-1.546575
2.064472
-4.546367
-1.219171
-6.703536
-1.763842
-1.157148
-1.739916
-6.073689
-3.969842
-4.684778
-2.320195
-2.926986
0.221551
-4.646322
-5.945733
-2.891269
0.540324
-1.700799
-0.459392
-1.422019
-0.266206
-3.607968
2.029485
-3.701802
-5.195330
-3.071719
-4.628802
-8.239363
-2.103952
-4.408909
1.246643
-4.226007
-3.404163
0.341477
-0.098421
-4.146617
-2.400259
1.749709
-3.757097
-0.563867
0.736831
-2.449635
-0.626199
-1.511208
-3.946122
-3.417532
-1.442426
2.626337
-2.792315
-3.445895
-7.455609
-0.121972
-3.927621
-3.520773
-6.235404
-7.059031
-4.025465
-8.080899
-3.524632
-4.522466
-3.672590
-1.550059
-1.413528
-1.523003
-3.865480
-4.464963
-2.309798
-2.352415
-3.401127
1.831321
-7.680729
0.089211
-1.003585
-2.343079
-3.162835
-1.564431
-7.214731
-2.302002
-2.681122
-2.445642
-0.885222
-5.484438
-2.633678
-5.829292
1.253250
1.241375
-0.641453
-3.816695
-4.088733
-2.454885
-2.046898
-2.370167
-4.290489
-6.824601
-2.325530
-4.676537
-4.143362
0.791241
-0.409732
-1.280016
-5.457658
-0.910457
-3.482757
-3.720950
-2.294119
-1.336789
-2.834113
1.143760
-3.149175
-1.281409
-4.330684
-1.935601
-3.047964
-1.960973
-0.282750
-7.143147
-1.807882
-3.522399
-2.201068
-1.518527
-1.812167
-1.154295
-2.310678
-2.497690
-1.618328
-0.703843
-4.435647
-2.226482
-2.645897
-3.041570
-2.552120
1.607310
-1.398252
-0.698296
-1.752179
-3.036399
2.116915
-3.552526
-4.169430
-2.803635
-1.133105
-2.368387
0.944819
-2.327939
1.527611
-2.513810
0.930179
-3.096444
-1.193723
-1.511709
-4.741525
2.245374
-2.480524
-1.158830
-1.385326
-0.354100
-6.663000
0.199677
-3.860301
-4.285432
-2.816236
0.663067
-2.537246
-0.336972
-3.164303
-1.889037
1.243639
-7.523715
-3.962363
-3.140779
-3.799522
-1.791083
0.979707
-3.876884
-1.444720
-4.105047
-2.778732
-2.608965
-6.727653
-3.373615
-4.938950
-6.216543
-2.603684
-0.662967
-1.865284
-5.952990
3.165109
-0.524188
-2.458301
-0.536538
4.056239
-1.369592
-0.258939
-2.887679
-2.837553
-4.153881
-6.792289
-2.949833
-3.540280
-7.976686
-4.448014
-2.151953
-4.615434
-4.743000
-6.505459
-6.394866
-4.447153
-2.654654
2.849712
-4.170618
-3.975408
-2.479223
-2.842386
-2.448273
-2.946274
-2.999318
-2.120860
-2.661051
-4.663115
-2.369025
-1.782211
-0.384946
-1.012942
-1.222072
-5.171702
-1.191000
-1.259351
-2.673456
-1.696398
-4.293800
1.078071
-0.564907
-0.262121
-5.265704
-1.845874
-2.246626
-4.068814
-1.668200
-1.287036
-4.975027
-4.396757
-1.514708
-1.503153
-1.320000
-3.961167
-3.636135
-3.656081
-1.286930
-2.498897
-4.998441
-3.428773
-0.986881
-3.274524
1.555079
-0.030110
2.358334
-4.095511
-0.208495
-4.783669
-4.264660
-3.731470
-1.539057
-4.698310
-0.933527
-5.282703
-2.579331
-7.455793
1.663105
-3.734020
-2.498221
1.878135
-3.302882
-2.206247
-4.038703
-3.383585
-5.762333
-2.099129
-2.288098
-0.153289
-3.642262
-1.803459
-3.518633
-2.956863
-4.464037
-2.820518
-4.173035
-1.634211
-6.852759
-1.820989
-2.099093
-1.518552
-2.605558
-1.537283
-2.440687
-0.948523
-2.684909
-2.716079
1.211732
-3.953273
-1.655749
-2.242267
-2.074399
-3.569005
-2.267949
-0.922828
-2.251652
1.041070
-7.387619
-3.985627
2.913639
3.039529
-2.668033
-3.726288
-3.494830
-3.403273
-4.885388
-2.208848
-5.243451
-2.466912
-1.744945
-1.646774
-2.473414
-6.419461
-3.804382
-2.687623
-1.330257
-2.784329
-4.241975
1.045831
-8.468307
-0.953053
-2.103564
-0.957041
-0.782832
-3.524495
-2.750490
-0.959089
-3.475307
-0.778528
-0.342531
-4.947244
-1.042039
-3.027648
-1.207252
-2.293632
-1.995649
-0.819849
-2.298359
-6.854162
-7.927154
-2.592388
-1.964985
-4.253047
-3.888801
0.469133
-2.960309
0.838463
-2.449289
1.614165
2.151689
-4.676427
-5.009525
-3.764649
-1.592912
-2.760094
-4.458152
-5.435245
0.433163
-1.086561
-3.127587
-2.305506
-8.022965
-2.630789
-0.403856
-5.818284
-1.679208
-1.709886
-2.333926
-3.802569
-3.468698
-1.254462
-0.151064
-0.819440
-0.441433
-2.793059
-5.876293
-3.701410
-0.601400
-2.482624
-2.908463
-3.129803
-0.389242
1.422967
-2.019749
-4.742841
-2.306684
-4.725358
-2.617140
-5.151252
-2.363592
-6.310812
-3.217733
-2.640180
-1.560704
-5.996121
-4.001615
-4.909070
-2.175851
-1.629252
-3.933688
-6.316164
-4.515786
-1.652001
-2.874589
-2.175999
-0.800594
-4.203072
-3.776740
0.059462
-3.020435
-1.128856
-3.550425
-5.977339
-2.941219
0.150093
-2.580375
-7.501734
-1.704283
-5.386674
-3.988034
-0.523635
-2.596035
-3.616903
-2.898751
-7.520777
-5.246140
-1.881117
0.204653
-2.057645
-4.405599
-2.038373
-4.367861
-0.224190
-2.005976
-2.700395
-2.535632
1.837306
0.165599
-2.991061
-3.754636
-0.522766
-0.859078
-2.814230
-5.576596
-3.092148
-2.026129
-3.840380
-3.380555
-2.153332
-4.238017
-1.335973
-3.086868
-2.399007
0.998861
-1.364502
-1.528217
-1.901701
-3.239251
1.383678
-2.634968
-9.014034
2.288038
-2.937554
-4.589647
-3.524373
-2.615956
-4.076246
-1.723942
-2.764214
-2.508521
-2.334381
-1.699731
-2.701124
-2.078251
-2.333350
-3.297859
-2.228735
-2.461881
-3.428749
-2.350092
0.219235
-0.444460
-1.339375
-5.779258
-1.571954
-4.145633
-5.401081
-0.571965
-2.509315
-0.010891
-4.962231
-0.662987
-1.306114
-4.556367
-1.757471
-4.101798
-1.500626
-2.071326
0.675381
-1.877083
-5.009193
-0.999444
1.043868
0.974937
-2.840603
4.668437
-0.811941
1.036947
2.790273
0.633012
-2.818727
0.690077
-3.153310
-2.208180
-1.390056
-0.204814
-1.661442
-3.929399
-2.322273
-3.531373
-0.241946
-4.161029
-1.540456
-3.286295
-7.398239
-2.512382
2.476584
-2.216778
-1.455318
-4.421343
-4.202809
-4.588529
-1.755381
-0.864171
-2.211938
-1.378419
-2.898950
-1.285967
-3.694581
-2.095285
-3.553606
-1.621102
-1.849389
-7.872708
-0.991810
-3.041482
-2.815109
-3.232923
-1.986631
-4.630373
-1.819131
-2.479875
-3.024608
-1.840798
-3.872645
-0.577145
-1.915494
-2.823897
-1.855984
-2.718425
-0.972689
-2.894356
-4.650890
-0.929039
-2.403235
-2.362193
-0.880105
-3.025627
-1.718115
-4.321769
-1.706787
-4.321418
-0.956193
-3.078466
-2.571924
-2.290708
-1.669154
-3.119461
-4.127998
-3.827997
0.413270
-3.151270
-3.893437
-3.283016
-1.849286
0.840703
-3.319208
-2.774435
-1.123442
-4.504208
-2.811678
-1.510617
-4.490390
-2.998302
-4.541202
-3.080586
-1.934420
-6.654457
-3.900857
-3.492020
-2.265982
-1.648755
-5.662700
-2.746262
-3.182551
-0.104567
-2.272693
-3.364683
-1.449306
-1.447318
-8.012196
-2.555574
-2.650123
-5.245647
2.794830
0.381199
-4.502219
-3.649863
-1.990794
-1.977013
-2.595062
-6.345800
-1.150847
-1.763850
-3.818773
-4.326162
-7.414323
-2.677336
-1.137695
-1.014583
-3.133439
-1.799036
-2.705764
-0.862639
-1.141560
-5.075490
-3.185107
-1.838093
-1.905692
-6.555140
-5.779222
-2.414346
1.419986
-1.483711
-5.040781
-5.276287
-3.157860
-2.081149
-3.214524
-2.484752
-0.774158
-5.615915
0.684372
-2.627899
-3.843258
2.897828
-2.823756
-1.000895
-0.570327
-5.389126
0.999054
-3.372599
-2.263863
-1.963125
-3.864442
-3.066621
-3.740708
-4.167879
-2.361797
-2.637121
-4.720239
-2.141336
-1.952558
-0.150166
0.874235
-8.214316
-3.297942
-4.039116
-2.444248
-2.466245
-5.428438
0.441414
-2.607570
-2.260190
1.517740
-2.595915
-2.163725
-2.133530
-2.420305
-7.813255
-2.637813
-0.483108
-5.763795
-5.845095
1.195619
-6.582716
-1.636950
-2.606187
-2.849429
-0.482804
-3.341257
-2.246215
-3.800728
-3.136793
-6.430798
-1.394317
1.657090
-3.053703
-2.444774
-7.400044
-1.192999
-0.902850
-2.043600
-3.274751
-2.697260
-3.615350
-3.101522
-2.515850
-3.438530
-2.240637
-4.127593
-5.645499
-3.376565
-2.847675
-0.733149
-4.987344
-3.567239
-2.556735
-0.898238
-2.504344
-4.148419
-4.359084
-1.421681
-3.549103
0.253384
-1.814758
-4.514527
-2.562837
-1.868673
-2.706658
-3.709117
-1.700941
-5.227754
-3.431572
-4.054139
-1.166129
-3.135064
-6.318891
1.786608
-4.065460
-2.994022
-1.895985
-8.432741
-3.360427
-3.590071
-0.607935
-5.222749
-2.976197
-8.495308
-3.184477
-2.109323
-2.197391
-3.178177
-1.463987
2.109013
0.368827
-4.565020
-3.106845
-5.374055
-4.423297
-2.148668
-4.997153
-1.660450
-2.577536
-4.418950
-3.104425
-2.915787
-2.330647
0.668348
-2.768035
-0.108896
-3.847322
-1.867031
1.513261
-1.188374
-1.941535
-1.598214
-2.917170
1.077568
-3.125289
-3.655222
-7.619033
-3.318219
-0.126665
1.508601
0.742975
-3.781168
-6.184998
-1.062200
-2.120995
3.026873
1.411695
0.239751
-2.753121
-0.889107
-1.874405
1.334689
-7.136630
-2.329229
0.849037
-2.064870
-5.525335
-7.623335
-1.897798
-0.051451
-3.939131
-0.379071
-1.989820
-1.425617
-2.709776
-1.894206
0.610956
-2.647020
-4.287519
-1.812607
-2.922928
-1.010091
-1.987200
-3.085828
-2.380110
-1.951511
-1.138981
-3.294149
0.300714
-3.986238
-1.854161
-2.093528
0.342622
-1.601690
-5.475664
-3.130786
-1.798511
0.748402
-0.382133
-1.560039
-3.216084
-4.113290
-4.519585
0.164317
-1.855909
-2.658773
-1.922021
-2.788706
4.992105
-4.446412
1.076155
-1.032272
-0.757320
-1.173967
-6.421403
-0.993904
-1.636634
-2.410015
-2.038887
-5.998455
1.013077
-1.473954
-1.005794
-2.011652
-0.347277
-1.160252
0.159333
-4.250722
-3.371710
-3.666151
-4.912372
4.709222
-1.645479
-5.822114
-2.135518
-5.182114
-1.196454
-1.097483
1.756181
-2.436980
-4.270915
-0.792468
-8.318366
4.609708
-3.832268
-1.860815
-2.906537
-0.864818
-4.960647
-1.099874
-3.233281
-1.173282
-3.145377
-2.772543
-2.177911
-2.344301
-2.807191
-5.697086
-4.369601
-1.374234
-5.874638
-3.169334
-2.094512
-0.100469
1.940532
-4.215134
-3.235079
-4.043824
-1.321412
1.358024
-1.654364
-3.838291
-6.422110
-6.846035
-2.783850
-3.772056
-6.491926
-2.703557
-0.756706
-4.731096
0.033707
-3.230302
-1.908276
-1.729714
-0.554491
-3.246955
-1.685540
-4.187023
-1.974750
-0.782030
-5.316910
-2.868386
-2.462260
-3.844128
-3.760010
-1.421138
-1.792472
-2.569267
-3.487390
-2.765236
-4.014513
-4.072676
-2.885834
-3.189890
-3.015759
-6.084509
-4.581118
-3.548801
-1.661405
-3.265671
1.333076
2.221478
-2.069588
-1.967704
-0.382264
-1.983663
-1.458397
-2.591722
-3.427251
-3.727734
-1.721124
-2.966722
-2.377085
-2.490672
2.041739
-2.118300
-2.811106
-2.962406
-3.881865
-1.318986
-4.694824
-0.549586
-2.405132
-5.103725
-3.566371
-2.309211
-3.060044
-4.694273
-5.598829
-4.224041
-1.983336
-4.107535
-2.588717
0.582303
-2.054812
-0.709640
-3.700562
-3.988193
-2.529801
-2.617851
-1.786152
-5.538714
-4.606993
-2.985833
-3.966890
-2.667168
-1.127826
-5.188252
-4.420339
-1.162014
-2.017313
-4.997197
-2.813992
-1.562384
-0.196968
-0.966021
-0.670021
-1.837947
-4.327174
0.554583
-4.397740
-4.741731
0.225273
0.823770
-1.521960
-1.139176
-4.562556
-1.502682
-2.794721
-6.526459
-2.715204
-1.920925
-3.302377
-3.563523
-2.221462
-3.441473
-2.265602
-3.283714
-4.442343
-1.946590
-3.150358
-2.899708
-8.136763
-3.922628
-3.847646
-0.368063
-6.267447
-5.467866
-3.963059
-1.869632
-2.366578
-1.180131
-3.495253
-0.938866
2.902809
-0.775465
-5.380188
-4.004085
-3.945871
-4.172563
-5.993008
-2.351872
0.741722
-0.382840
-4.874389
-2.671554
-2.721410
-2.289995
3.791446
-4.815829
-4.644878
-1.963896
1.324987
-2.397644
-4.439887
-4.623658
2.271839
-4.088075
1.675246
-2.252490
-3.224409
0.268034
0.463251
-1.030147
-3.962255
-2.605812
-5.297474
-4.368272
-1.067094
-1.120485
-3.503078
-2.116991
-2.807085
-0.186748
0.120487
-2.956508
-0.015951
-2.895876
-4.490362
-2.854694
-4.410522
-2.567908
-2.076221
-1.062755
-2.658828
-2.520280
-2.304824
-2.389128
-3.235844
-4.569034
-4.881207
-2.325439
-7.099136
-1.884590
-1.952429
-5.376871
-2.344221
-5.739493
-2.050540
0.941816
-3.581210
-4.288051
-7.902052
-5.651557
-3.095619
-3.941314
-0.580012
-2.615432
-2.209004
-5.107358
-1.443049
-2.667731
3.872605
-2.722153
-1.062492
-1.574256
-5.231198
-3.762764
-2.226217
-1.381664
-0.540158
-2.454186
3.130373
-3.255224
-1.591572
-6.430066
-1.546725
-3.396703
0.598522
-0.627265
-2.826738
-1.897477
-2.654057
-6.253814
-4.345657
-2.743970
-2.438954
-1.762111
-2.893057
-2.647964
-2.892195
-0.272806
-2.700078
-2.993515
-8.466648
-2.721204
-1.961190
-3.815332
-1.856763
-2.601156
-0.594718
-3.738852
-4.093087
-2.779211
-1.717450
-2.119912
-3.015740
-1.080649
-1.291141
-1.756878
-3.019655
-2.748660
-1.787515
-4.424763
1.302693
-2.757379
-3.020231
-4.561742
-2.726463
-1.457139
-4.050314
-1.251450
-1.857247
-2.851523
1.479105
-2.548514
-4.620249
-4.124203
1.324029
-6.824862
0.649939
-0.621489
-3.382268
-2.942605
-0.473292
-2.904825
-2.463464
0.282728
-3.417949
-3.724237
-1.848006
-5.326993
-3.169307
-5.620739
-2.843395
-2.806884
-7.286657
-2.693052
-4.499575
-2.865764
-2.897849
-5.530956
-0.000261
-1.841321
-0.419947
-3.648820
-2.519482
-1.208750
-5.519214
0.866886
0.025647
0.914725
-2.502051
-3.260616
4.295311
0.651803
0.235256
-3.372452
-2.478389
0.487591
-7.230459
1.154073
-3.744504
-3.278725
-0.898360
-0.385176
-5.055454
-3.206508
-3.000809
-1.769777
1.372774
-3.646174
0.083322
-2.678787
-2.407166
-2.298736
-1.682032
-2.619166
-8.391084
-3.290895
-0.430749
-1.469997
-0.805412
-3.044351
-5.739124
-2.251776
-3.502227
-0.139325
-1.585619
-3.634185
5.580974
-6.144921
-5.495576
-7.137253
-4.218916
-8.421060
-1.204021
1.282249
-2.072324
-5.428444
-2.874758
-2.921677
-3.845310
-5.316785
-7.745888
-2.427915
-2.402701
-3.199332
-1.180706
-0.597725
-9.130335
-4.883508
-5.232815
-0.781473
-3.969092
-2.042717
-3.925131
-2.510727
-3.912823
-4.069583
-0.360938
0.254809
-4.304706
-4.676569
-1.517267
-2.490751
-3.831518
-2.432108
-6.551680
-2.227764
-2.528576
-2.817543
-3.252620
-2.434935
-3.628958
-1.465939
-4.123919
-3.181704
-4.251048
-2.259308
-3.305853
1.362616
-3.177325
-2.201477
-2.984213
-2.691654
0.158948
-3.662689
-2.108144
-3.044161
-3.148739
0.385028
-1.940248
-2.483017
-3.364862
-2.965105
1.411671
-2.700524
-2.738176
-2.482010
0.328814
-2.462376
-3.046207
-7.604524
-0.432655
3.018242
-3.583479
-1.937572
-0.159951
-3.352327
0.401878
-7.383628
-2.546293
-0.339588
-0.918419
-2.784383
-3.688926
-2.313790
-4.943595
-3.359623
-1.633205
-2.537925
-0.638055
-1.352576
-4.001632
-3.206554
-6.930884
-2.647872
-1.169812
-2.615701
-2.982431
-3.698663
-5.663644
-4.824185
-1.877867
-0.603759
-3.074703
-2.151316
-2.379909
-1.656482
-2.996647
-3.268556
-8.394321
-1.625800
-3.384724
-6.611117
-5.667070
-2.269503
-2.385030
-4.248265
-0.272875
-3.285609
-3.125025
-2.246001
-3.115613
-1.392867
-3.120750
-2.777275
-2.195457
-1.155074
-2.936141
-6.995231
-2.544781
-0.281454
0.523437
-1.307729
-3.303788
-4.297267
-3.155575
-3.919934
-2.476341
-2.639187
-6.137598
-4.909588
-1.084666
-2.942687
-4.563084
-3.072974
-8.320384
-3.708123
-5.093829
-3.572806
-3.869538
-2.286040
-3.421154
-1.604637
-4.573781
-2.546704
-5.544605
-2.554572
-1.501286
-4.847076
-3.434243
-3.253431
-1.248510
-1.562295
-5.103730
-2.815193
0.502594
-2.084940
-5.071767
-0.842060
-3.209217
-4.487879
-1.748320
-2.596584
-2.512985
-2.951236
-2.187456
-3.661522
-7.936707
-2.093115
-2.268357
-3.359091
-3.491734
-2.392060
-1.559271
-2.797855
-2.902322
-1.259423
-0.763221
-2.174892
-8.066539
-3.418544
-3.176767
-4.758178
-3.375473
-4.156271
-2.018429
-1.883502
-1.644129
-8.755943
0.316512
-1.152138
0.129070
-3.249427
-1.164476
-1.393310
-7.188361
-2.694129
-3.791407
-2.943211
-2.543187
-0.098809
-2.664772
-2.895055
-2.075625
-1.229068
0.177918
-2.093032
-2.109652
-5.670826
-4.894116
-2.673037
-1.340939
-5.745165
-0.035680
-2.425066
-0.496630
-2.644522
-4.751361
-0.974400
-3.597512
-2.674300
-0.036608
0.565514
-1.733516
-3.493917
-3.867393
-3.140486
-1.827602
-1.793605
-2.546813
-2.513973
-3.466423
-2.119590
-0.702915
-3.417248
2.936982
-2.756808
-5.142444
-2.514776
-2.857897
-3.079907
-1.830186
-2.829922
-6.866910
-0.311507
-3.464516
-3.073200
-1.432222
-4.355478
-5.247701
-1.570866
0.613320
-5.036609
-6.451344
-0.950582
-2.494882
3.354704
-2.138404
-0.159664
-3.628072
-2.606684
-1.446601
-3.431751
-3.870039
0.222680
-2.686788
-0.884355
-1.687655
-3.308371
-0.298977
-4.937731
-1.717988
-2.954044
0.233476
-3.677495
-1.799319
-1.890781
-3.583872
-0.799817
-7.384700
-3.793775
-2.415917
1.113805
-4.047527
-2.162950
-2.972488
-1.547093
-2.431876
-6.006613
-4.528518
-2.980473
-3.224149
-7.010722
-6.099559
-1.634724
-0.218782
-3.393772
-2.743021
-3.596670
-1.797476
-2.459306
-5.681609
-2.174613
-1.585863
-0.267296
-1.048923
1.301394
-0.780313
0.286933
-2.473278
-3.346744
-0.604181
-1.902791
-1.205746
-2.922665
0.003799
-3.353263
-8.764979
-4.871109
-4.288008
-1.452866
-3.335058
-1.652868
0.226686
-4.262033
0.694708
-1.787060
-3.708902
-2.587129
-2.457548
-1.995504
-3.884387
-1.666417
-2.922710
-3.746318
-2.749791
-3.068379
-2.193579
-6.513461
-1.992821
-1.525574
-4.967163
0.726331
-0.616157
-6.806357
-6.074958
-3.212408
-3.912283
-1.820405
-1.985560
-3.699712
-2.871915
-3.785835
-2.798688
-3.134259
0.831338
-1.771362
-2.893111
-1.041112
-2.794328
-3.114182
-2.938729
-4.426593
-2.032726
-6.176424
-7.813988
-4.223464
-5.706326
-2.051438
-2.443133
-2.901080
-2.424383
-0.553207
0.129746
-2.296041
-3.365644
-3.177017
-2.817728
-1.143709
-3.158906
-3.823339
-3.826905
-4.524321
-7.894973
-2.585450
-3.100409
-7.691078
-5.063853
-8.245546
-3.573604
-3.889104
-1.993756
-1.319824
-1.452111
-8.521147
-0.202170
-1.905536
-2.239411
-3.215671
-0.544386
-4.979927
-3.444975
-2.447461
-0.846988
-0.635866
-2.003219
-3.114359
-3.193668
-4.416627
-2.045912
-4.287014
-2.381411
2.413092
0.230457
-1.352906
-2.505687
-2.675654
-4.023368
-2.048853
-0.983328
-2.848387
-2.246564
-3.769606
-8.545618
-2.713214
-2.854441
-1.538538
-3.199009
-6.130270
-3.072117
-5.780421
-3.381453
-2.568177
-2.845124
-2.013844
-1.687489
-1.833398
-1.713114
-2.548520
-1.792631
-7.659925
-1.810612
-7.403985
0.695768
-3.065819
-4.916683
-7.420906
-3.964594
-0.146489
-3.373389
-2.549067
-3.333187
-1.301092
-1.703808
-3.483026
-2.375218
-2.822573
-3.272715
-3.824532
-3.186495
0.965017
-3.568568
-4.360545
-3.543988
-2.312610
-4.914506
1.312958
-3.765702
-2.468558
-2.078771
-1.769969
-5.295604
-2.957100
-2.891072
-3.655408
-2.331056
-1.931803
-4.273620
-0.762446
-0.990698
-0.828287
-2.004235
-2.021968
-5.492133
-4.236098
-4.243346
-3.440566
-1.689792
-2.274387
-1.321135
0.770873
-1.483836
0.816455
-0.991961
-0.717079
-2.068012
-4.478539
-5.905282
-2.041504
-7.108000
0.719433
-4.106775
-4.300797
-3.438288
-0.445166
-2.834883
-8.567827
-1.853803
-2.882463
-1.893870
-4.152165
-2.634648
-2.054876
-6.667147
-5.793512
-4.442227
-2.944149
-2.355128
-2.513115
-8.664183
-5.035338
-0.386206
-8.736371
-2.642726
-4.588298
-1.397949
-3.074087
0.278426
1.139868
-8.473833
-4.724624
-4.617031
-4.436923
-1.363981
-4.224645
-8.276679
-2.054558
-3.773019
-2.273200
-2.976479
-4.136761
-2.155791
-1.790112
-2.368110
-3.603631
-2.603920
-2.710724
-6.931837
-7.181808
0.329733
-3.788447
-2.172665
-2.989901
1.025598
-2.420331
-3.218143
-1.623127
-8.415480
-2.276880
0.566065
0.052509
-0.175208
-4.111168
-1.745117
-5.794965
-5.379470
-3.576635
-1.952370
-4.104744
-3.090916
-0.936616
-3.800296
-2.842964
-4.295721
-0.768800
-4.511799
2.852452
3.824763
-0.906736
