-10.724899
6.695624
-2.006056
-3.992107
-3.790324
-4.475491
-3.930251
4.046243
-2.945455
-2.180161
-4.540732
-5.371892
6.329460
0.616090
8.457859
-4.103436
-0.538689
-1.800599
-2.335813
-3.414577
-2.128879
-2.511451
-3.798087
-3.533161
-2.925236
-3.895479
2.158589
2.412884
-5.683518
-5.526063
-5.547698
1.780293
-3.995890
-6.332366
-3.437791
-3.490321
-4.541077
-6.663469
-4.913832
-3.306764
-4.748231
-5.975301
-3.831993
-3.904272
-4.126079
-3.976420
-4.657639
-5.628357
-3.007898
-2.070433
-3.686989
-4.578801
-5.041070
-5.755088
-3.025210
-4.956229
-4.239202
-3.302233
-3.971229
-5.086440
-4.582419
-4.794155
-4.952244
-3.661900
-2.484548
-6.736729
-5.163586
-4.130498
-3.738095
-4.882499
-2.342896
-2.299533
-3.957395
-4.857924
-3.336021
-4.326764
-5.404515
-3.068887
-3.238463
-7.161963
-6.374485
-4.834889
-4.736839
-0.201784
-2.270194
-6.524464
-4.720713
-5.001649
-5.861064
-2.261056
-2.296635
-4.792088
-4.258712
-4.932574
-5.920224
-4.460639
-5.435854
-5.217685
-4.417109
-5.355998
-4.285152
-4.273816
-4.632936
-3.497122
-4.185074
-4.758431
-4.945124
-5.632774
-5.229566
-5.189119
-4.429382
-3.979760
-4.448935
-5.535064
-3.899478
-4.963031
-4.174588
-3.636489
-4.471116
-4.685190
-4.542634
-4.597817
-4.206642
-5.019877
-4.192592
-4.322573
-4.653804
-3.133767
-3.426158
-5.010910
-4.076810
-4.765803
-4.370622
-4.973223
-4.710830
-5.846840
-5.066822
-4.508222
-5.083011
-4.204388
-4.572760
-4.643749
-3.752699
-3.632490
-3.943066
-5.362007
-4.675064
-3.877562
-5.272788
-3.828523
-4.924062
-4.923153
-4.569223
-5.173840
-5.306243
-5.254121
-4.988395
-4.434999
-4.638517
-5.273272
-5.017342
-3.978481
-4.620620
-4.663176
-4.183390
-4.470612
-4.940537
-5.427293
-5.085571
-6.101568
-4.298775
-4.095296
-5.131658
-4.639734
-4.379000
-5.001909
-4.912264
-4.081015
-4.643176
-5.137264
-4.938436
-5.384015
-5.037042
-4.980724
-4.945197
-4.735129
-5.035450
-4.818506
-4.636088
-4.421308
-4.708422
-5.262372
-4.701387
-4.996975
-4.229139
-4.072417
-4.574713
-3.473673
-4.999801
1.091097
-4.677711
-4.568566
-5.047966
-3.780208
-5.561166
-5.162174
-5.224758
-4.766369
-4.917134
-5.035562
-4.355573
-5.998024
-4.681503
-4.431353
-4.802829
-4.112055
-4.401978
-4.529633
-4.323065
-4.274638
-5.403023
3.437479
-4.900347
-3.953953
-5.183298
-4.467242
-4.620323
-4.933890
-4.833272
-4.748337
-5.038211
-4.263919
-4.896185
-4.152631
-3.644334
-4.087052
-4.137980
-4.418972
-5.003362
-4.273912
-4.624539
-4.270056
-5.438261
-5.678423
-4.441068
-4.297347
-5.206600
-3.675566
-4.915747
-4.858909
-5.094256
-4.941319
-4.462374
-4.779539
-4.946962
-4.906106
-5.303318
-2.211190
-1.290958
3.433906
0.708622
-4.331098
-0.773392
3.636078
-3.304885
7.585723
6.873810
-0.127110
-4.812187
-1.176068
-0.513635
-10.032302
-0.595569
-5.786719
-6.933070
-0.390249
-0.674766
0.327987
-2.375950
2.015752
-0.412378
-1.475975
-0.096899
-6.324558
1.819936
-1.041736
-7.099708
-5.587419
-3.217161
-0.196211
-7.114324
-0.683710
-8.988981
-6.630609
-4.257705
-1.734612
-0.672488
-3.569174
1.899784
-2.177731
-6.342148
-8.715926
-8.374770
-2.771337
3.298400
-1.725206
-6.355290
-4.373602
1.831312
4.577125
-6.687396
-6.674519
-5.239512
-1.452634
-1.006828
-3.672880
-5.953023
6.473529
-4.571752
-7.859725
-4.164547
-0.997862
-5.522199
-1.716949
-3.698634
-2.657155
-1.073030
-6.881087
-6.296056
0.000845
-5.637892
-8.324497
-1.062425
0.047676
-0.422329
1.888536
-2.282966
2.183237
2.621162
-4.461364
-7.232835
-5.486129
-9.003276
-6.223440
6.425658
-7.887552
3.300013
-4.627116
2.405462
-5.779631
-2.807684
3.043153
2.620867
-5.129377
6.164669
-3.563549
-2.097358
-7.255111
-1.944260
3.306439
0.713727
1.533523
-1.498603
-5.834219
-2.310142
0.937011
-3.672846
-7.060021
-1.268276
1.956370
6.627688
-1.327390
-2.699552
-4.836649
2.485826
-7.036993
1.462668
-3.332794
-4.971010
-4.828359
-4.483035
-5.638666
-7.677028
-4.291526
-2.776940
-3.768409
-4.487930
-6.247591
-2.077331
-2.449340
-4.170608
-2.000588
-2.010747
-0.704041
-1.495217
2.829865
0.652054
-6.058043
-8.645930
-3.780208
-8.467122
-4.849422
-1.360773
0.576817
-0.820993
-0.262105
2.797222
-5.982859
-1.230013
-4.167811
1.157813
-0.647957
2.573323
0.206592
-0.475040
-3.326350
2.997266
-5.645380
-4.443498
-6.177508
-0.343843
1.777054
5.718097
-2.864481
-5.556660
-0.885479
6.171793
-6.254492
-5.392097
-7.792165
-4.808502
-8.730344
-8.913198
-6.238947
-0.003220
-2.559321
0.864613
-3.304794
6.769564
-5.599899
-1.289722
4.905890
-0.069872
5.752269
-1.565818
-2.103627
-5.157132
-1.209862
-4.123255
-1.120431
-3.145779
-7.960605
-3.520946
0.576367
4.201869
3.019756
3.552576
-2.320602
-5.744470
1.961174
-4.084931
-3.798173
-4.161123
-8.864577
-2.131700
0.089112
-2.820870
-2.477688
-7.670044
-2.498733
0.675140
-5.089264
-3.762503
-3.507879
-5.557139
-4.192864
-6.118646
-0.703617
-4.633240
-5.525594
-3.041544
0.075068
-2.126057
1.444194
-0.738596
4.705545
-3.593961
2.205900
-7.120913
-2.181829
-5.297025
3.746140
-6.660126
-5.578721
3.640403
-5.531726
-2.060961
-6.546386
-0.525784
-0.613073
-6.531044
-1.094930
-0.381029
-2.085947
-4.078547
1.068896
-7.185554
1.324778
-0.525398
-5.118578
-6.681842
0.865242
-1.158044
-2.393505
-4.370686
-2.710136
-6.533059
-2.451466
-1.193490
-4.005501
-3.246623
-0.911263
-5.242055
-3.464202
4.436850
2.889913
2.430029
-7.093050
-5.722707
-3.779804
-1.764590
3.847194
-1.799204
-3.177983
-2.617058
1.930169
-4.649845
-4.100012
-1.363446
-6.030037
-4.159366
-2.569736
1.671725
-2.971505
-6.951710
-2.667295
1.308505
-1.767956
-0.083459
-1.897170
-4.793118
-3.607791
3.583257
-4.674066
-6.309487
-0.381676
-8.145117
2.405087
-3.325418
-3.838590
-2.328831
6.114020
-2.596319
-3.449176
-9.762594
3.290247
-2.348969
1.879238
-4.062023
-1.910174
-1.210334
1.612990
-3.390033
-6.286353
-2.419160
-3.758351
1.271314
-3.054790
-1.795392
1.092920
4.689651
-2.544535
7.160085
-1.931958
-0.226125
-1.737940
1.892335
-2.359930
-5.902756
6.891063
0.350062
4.057499
-7.051267
-5.041582
-4.868630
-5.204984
-4.646676
-6.936369
1.595213
2.439794
-8.600297
-1.358249
-0.805673
-8.672386
0.113832
-5.768643
-0.159260
-0.670628
-8.540481
-4.322265
-4.862414
-3.239515
-3.678382
1.193988
-1.210914
-3.086137
-3.666260
-3.952323
-8.875612
-4.044741
-2.572287
4.844643
-2.465809
-0.916928
-2.889094
-7.377331
-2.771281
-3.854417
-8.642824
-6.461273
-1.944986
-1.843691
0.563646
1.143919
0.032593
-3.635058
-0.648668
0.264527
-8.664955
-2.737987
-0.656510
-1.572439
3.451209
-4.910441
-6.816784
-2.217577
3.185459
1.908821
-6.090823
-0.112620
-8.233337
-5.330085
-0.415755
-2.959990
-1.245611
1.336635
-1.652609
-6.650501
-1.477142
-0.450757
-6.547369
-3.890032
-2.986984
-0.310054
-4.925326
-3.850588
1.625175
-8.865911
-3.971669
-5.267136
-4.161898
-3.516354
-3.734260
-1.528453
-3.130855
-0.458556
-3.668152
-2.946944
-4.948481
2.821997
-4.264482
-0.148212
-1.023642
-4.343100
-3.519983
-4.551710
-2.183724
-4.279402
-1.704212
-3.892308
-5.286198
-2.242191
-5.469895
0.456034
0.922356
-2.687495
0.036245
-1.514490
-5.155285
-3.390784
1.211085
1.059818
-3.177963
-1.489992
-1.424752
-1.552716
-2.170717
-4.276564
-4.191507
-3.548951
-5.656839
4.195571
-5.397943
2.029555
-4.009554
-4.104203
-0.157555
-1.964874
2.942048
-4.556021
-4.635310
-6.316477
-2.161115
-5.055353
-3.179834
-8.222718
-2.386648
-2.200779
-0.879995
0.870420
-5.558431
-0.311737
-2.221305
-2.407120
-0.378143
3.493440
-2.110349
-1.647075
2.969386
-2.929435
-2.515123
-6.646581
3.042735
-2.069432
0.370767
1.366708
-7.932275
-0.585010
-5.149166
-6.226389
-0.074241
-8.048491
-1.796709
-3.884969
-5.747249
-6.543892
-1.662572
-3.997319
5.871886
-3.075829
-1.723485
-3.114634
-5.296926
-5.479307
-3.643525
-2.141845
-1.440456
-2.016334
-2.484194
-4.971189
-2.806936
-0.346722
-2.067623
3.350017
2.233128
4.740981
-7.793835
-4.563299
-1.727343
0.951866
-4.258648
-2.369337
-1.189174
-4.201604
-7.793954
1.531435
-5.992285
0.651043
-5.580164
-2.369389
-7.927318
-0.605746
-6.543747
-3.428797
-0.479630
0.641674
-0.060423
1.666794
-0.173370
-1.697253
-0.517263
-4.962955
-1.347434
-6.008057
-6.378649
-4.315298
-2.620252
-2.907433
-2.052433
-6.321150
-5.850760
-3.300786
-6.742362
-0.238187
5.355037
-4.711378
-3.890477
-2.439776
-6.729854
-4.551741
-1.329660
2.765192
-3.020473
-5.787452
-2.343174
-4.162199
0.672255
-0.892844
-1.582723
-1.479695
-4.589072
-1.831866
-2.539055
-3.783394
-5.577601
-5.778319
0.509949
-7.331953
-6.111221
-2.722292
-1.192665
-6.284454
2.158674
-4.782689
-3.208647
-0.530093
-5.100115
3.233610
1.743656
-3.367833
0.468661
-5.436880
-3.069766
1.255337
-4.981598
-1.082935
-8.555918
-0.677845
-4.779565
-4.407587
-4.494978
-0.045324
1.664852
-3.877417
-0.662391
4.725299
-4.561730
0.860324
-4.305359
-1.867721
-2.274711
-1.423318
-1.729977
0.755793
-5.031850
-2.826522
-5.926371
-4.619326
-1.121230
-0.442242
-2.669925
-5.478209
0.178433
-1.550813
-5.832015
-1.120503
-1.865110
-0.250709
-2.616475
0.159174
-3.025148
-1.383615
-6.592931
-6.571034
-1.920124
-1.605000
-5.671653
1.190587
-1.106054
-3.282914
1.736991
0.954755
-0.973697
-6.630216
4.365418
-2.167977
-1.628429
-3.945472
-0.386663
-8.343527
-5.471582
-6.245962
-4.755777
-2.531935
2.491715
1.133672
-1.846899
-2.677583
-0.020370
-0.644607
-2.018987
-2.843439
-1.035794
-4.967482
-3.033777
-6.103357
-7.687407
-6.250162
-1.544570
0.424383
-0.645197
-7.965810
-5.029019
-2.561702
-6.734573
-2.672525
-0.602543
-2.231500
-8.920145
-0.525230
-3.067574
-3.297073
-3.372333
-1.416313
6.353867
-1.475741
-0.485218
-2.102537
-1.118403
-3.618994
-3.712265
-2.871093
-3.286902
-0.666234
-1.906641
-2.152661
-3.816551
-5.211700
-5.904623
-3.236380
0.934179
-5.665141
-5.363418
-1.232730
-3.949822
-0.271324
1.423011
-5.543293
-5.273289
-3.019998
-3.995652
-1.114419
-8.182479
2.048952
3.344937
-0.438566
-3.651067
-7.165640
-0.436895
-3.113502
-7.110285
-2.561242
-4.539796
-1.444016
6.541721
-3.343062
-2.445207
-1.994133
-2.177694
-1.391664
-4.720133
2.105856
-2.329010
-5.096166
-4.073509
-1.816617
-2.171466
-8.960791
0.001344
3.435444
-2.369189
-4.401288
-3.077288
-5.618515
-5.481880
-6.497897
2.989699
-1.777750
-3.173193
-0.784667
-4.071791
-7.133836
-3.104270
-3.778595
1.014452
-2.639193
1.010154
-2.116147
-6.155291
0.558556
-2.435332
-2.095433
-0.535618
-1.542504
-4.545684
-6.377024
-2.704617
-2.337872
-3.869274
-4.671659
1.436170
1.718847
-3.198114
-6.012693
-6.289451
-1.153348
1.401947
-5.881965
-1.996963
-4.899058
-2.379585
-3.048887
-1.127840
-2.668632
1.134081
-1.880728
-6.129293
-0.321256
-4.128538
-0.665331
-3.276970
-3.764075
-3.496864
3.444164
-5.518857
-2.028811
-1.731640
-1.475061
-1.257177
-2.944302
-4.682100
0.000562
-2.842793
-1.485934
-0.844297
-0.334783
-0.670757
-4.032177
-0.083948
-1.766098
-3.351760
1.867383
-3.822686
-8.144939
-2.754738
-0.900579
-3.496736
-2.281734
-3.652678
-2.911483
-2.864672
-5.126045
-2.381908
-4.223657
-4.903380
-0.334483
-6.205267
0.739678
-2.779833
2.032252
-4.145324
1.102537
-0.965361
-1.835868
-1.675776
-1.619340
-1.981251
-2.153569
2.852510
-2.117134
-1.758618
-5.613832
-3.227591
-3.119962
0.053461
0.406607
-2.170884
-2.472445
-3.505558
-0.823993
-2.281411
-0.223656
3.353427
3.017524
-3.134733
-0.584690
0.077915
-1.809665
-4.187483
-1.406876
-7.603441
-2.106152
-1.158829
4.164801
-2.745275
-3.718029
-1.346839
-0.591752
-4.633451
-3.020493
0.082794
-4.438509
-2.084688
1.596505
-2.938668
-3.209584
-0.377738
-6.600769
-6.034410
-2.019961
-2.765557
2.353186
2.473415
-4.030709
-2.463370
-4.112857
-5.008576
0.920804
-1.781159
-3.854293
-3.206232
-2.863045
0.931667
-3.074940
-3.052311
-0.290419
-5.211779
-4.651560
0.696382
-0.532841
-3.708012
-2.671733
-2.965604
-0.672894
-3.827892
-4.311905
-3.487381
-1.800921
-2.727102
-2.080128
0.231638
-2.226454
-4.544537
-4.673191
-3.319016
-6.754859
-0.509888
-6.794232
-0.541787
-2.292199
-0.200142
-6.586890
-3.489141
-5.735125
0.262666
-4.661484
-4.747037
-0.587920
-0.581232
-8.697782
-6.136188
-2.798981
-6.027776
4.911090
1.612372
-1.095945
-1.559470
-1.303790
-3.232484
-2.024884
-7.583059
-5.995439
-4.790040
-4.465533
-5.218289
-1.251965
-7.047024
-0.897557
-6.728663
-1.015657
-7.433476
-3.013956
-3.262140
-2.218735
-2.224871
0.414486
-3.531382
4.343485
-0.953050
-2.983001
-1.746801
-5.181143
-1.715025
-1.916001
-2.785907
-3.540493
-7.719448
-5.302571
-4.436321
-6.983286
-0.771534
-6.090025
-6.868708
-2.574141
-1.590394
-4.142704
-2.705121
-3.699790
-3.921377
-3.386021
-7.391011
-2.070210
-4.150568
-3.024379
-0.717695
0.876374
-0.226214
1.786523
1.722858
-3.366510
-2.038308
-2.946935
-4.969770
-5.933371
-5.188093
-0.750279
0.438836
-2.806057
-3.247084
0.275888
-1.808106
1.641026
-0.736534
-1.149322
-0.776240
1.487005
-2.283949
-2.122737
-5.780521
-1.320700
-1.478757
-2.609050
-3.820892
-0.767036
-3.251263
-4.197065
-3.114112
-3.672012
2.091397
-4.943334
-3.900062
1.212726
-0.954856
-3.635765
-1.937401
-4.726173
-1.214741
-4.664366
1.952858
-4.388535
-6.444857
-2.108573
-2.504225
1.829546
0.098502
-5.658265
-3.576349
-2.404855
-2.441300
-3.502211
1.388777
-7.381330
-2.039031
1.945816
-0.504841
-2.238761
-0.734061
-0.683919
-7.325062
-7.387600
-4.238985
-3.639408
-4.441374
-3.318987
-4.761769
-6.952558
-2.878909
-5.542563
-6.877892
-5.154478
-3.561080
-2.720260
-0.300108
1.827498
-0.194207
-3.103361
1.606851
-2.952625
-1.903581
-1.994995
-2.907341
-1.719380
-3.644600
-3.328204
-2.422992
-2.132074
-3.096029
-0.869367
-4.887684
-4.144462
-2.213305
-3.402750
-3.487054
-5.090961
2.321403
-3.106882
0.206797
-1.766047
-3.491921
-1.934902
-4.375160
-2.207262
-3.014097
2.210733
-2.412158
1.052803
-1.676116
-4.041239
-2.464995
-3.524188
-0.364501
-4.757092
-4.821041
-6.232436
0.453247
-0.859463
-1.978786
-0.635273
-3.840978
-6.141709
-4.918570
-5.895611
-2.689320
-6.502789
-4.379986
-2.703367
-6.325629
-6.496713
-6.773607
-3.076054
-0.605707
-7.176698
-4.571337
3.422321
-1.320171
-7.497359
-1.342807
-4.385927
-3.676088
-3.900059
-3.317637
-5.716024
1.787602
-2.539005
-2.096638
-2.583836
-5.837687
-5.995890
-2.949355
-2.306359
-0.516271
-3.767303
-3.261322
-2.616943
-6.794386
-1.908618
-0.434335
3.568132
-2.481437
-5.855658
-4.441304
-0.012319
-3.907338
0.166259
-3.377545
-3.622931
-3.420397
-1.820044
-3.806267
-0.878350
4.030093
-3.638500
-0.981365
-2.687737
-2.228395
-1.780831
-5.508747
-2.313222
-2.258653
-0.233793
-3.266639
-3.262070
-3.165184
-7.657835
-5.305455
6.628959
-3.505796
-1.841903
-4.394827
-5.213419
-3.462907
-2.399209
-4.864516
0.780289
-2.052704
-2.031407
-3.343213
-0.277656
-3.098043
-0.830500
2.285327
-3.342845
-1.001411
-0.522748
-3.031263
-2.329465
-6.087056
-3.820785
-3.495941
-2.181235
1.219575
-1.257825
-2.739294
-1.058490
-1.493830
-2.286658
-3.643581
-3.553070
0.112007
-0.635201
-0.547090
-0.395108
-0.957417
3.958961
-2.390093
-0.495535
-3.011579
-2.250340
0.867990
-3.622348
-7.032184
-3.621918
-3.420584
-4.667394
-3.197546
-3.418793
-4.305347
-3.310050
-4.048095
-3.816308
-5.962033
-0.445040
-6.801026
-1.871510
-3.398125
-8.770808
-0.172267
-0.585119
-1.943728
-2.577230
-2.691610
-4.659439
-5.535344
-6.440309
-1.172362
-2.699830
-1.648096
-3.583127
-0.190651
1.639297
-5.856228
-2.809696
-1.070928
-5.494318
-0.367349
-4.557464
-2.967102
-2.509261
-5.503087
0.956372
-1.570691
-2.227033
-5.478557
-2.909898
-4.806070
-1.096221
-0.091096
-4.466447
-2.043977
-2.481164
-4.528004
-2.226636
-4.316488
-2.193607
-2.307474
-3.594209
-1.988803
-1.154760
-1.086776
-3.495584
-2.276043
-1.270003
-1.109983
5.068678
-4.914063
-2.239181
-3.590999
-1.579252
-2.729975
0.375432
-0.976756
-4.647296
-0.649444
-2.246786
-5.772788
-0.120111
-1.971700
1.422450
-4.607213
-2.773685
0.302904
-2.638604
-6.771536
-3.821840
-2.115870
-2.727866
-5.272215
-4.546473
-2.313453
-3.857178
-8.235252
-4.577350
-2.445358
-0.702245
-1.913507
-3.717782
0.457025
-3.088150
-2.224945
-5.142515
4.822847
0.800430
0.898128
-2.156654
-4.346173
-3.408998
-5.096136
-3.314924
-2.660429
1.172657
-4.014650
-3.396629
-0.790631
-7.426292
0.051003
-6.869141
-2.681704
0.448953
-3.512181
-2.678188
-5.047278
-3.132653
-7.634838
1.375974
-5.107588
-5.155922
-0.881922
-5.594059
-5.279082
-0.747327
-2.181733
-2.848251
-5.252532
-3.104537
-1.883108
-2.348268
-1.083400
0.137703
-1.948913
-3.432388
-5.147127
-0.410099
-1.638792
-2.475518
-1.712784
-0.281346
-7.166761
-3.567877
-0.625709
-3.901467
-7.607610
-4.671288
-3.756689
-6.135467
-2.221076
-1.011904
-2.481446
-7.110753
-1.079175
1.625373
-0.073885
-3.737103
0.114162
-6.328494
-2.305655
-2.615893
-8.107131
-6.173300
-2.352811
-2.668865
-0.174904
-5.563436
-3.969747
-1.102421
-2.625137
0.124080
-8.732545
-6.902143
-6.144285
-0.839668
-1.581650
-1.992991
-3.439106
-5.967973
-2.897597
-2.535497
1.272994
-3.269790
-2.534410
-5.488496
-1.560982
-2.995708
-6.327342
-4.243406
-2.688595
-2.379897
-1.583832
-6.699017
-5.309587
-1.903226
-10.407414
-6.213737
-3.552974
-2.779015
-2.960174
-4.521189
-3.122652
-1.281240
-3.146947
-6.748778
-2.147252
-5.197666
-2.073177
-4.098167
-2.976160
-0.572098
-1.853172
-0.883460
-6.208593
-1.682589
-3.351569
-3.871334
0.941051
-3.586065
-2.337747
-1.185751
-6.291848
-0.058381
-5.301765
-3.812605
-3.870858
-4.231025
1.368347
-4.064600
0.359454
-4.790380
-4.050530
-3.679453
-0.508967
-4.451039
-3.642169
-5.970633
-2.094618
2.416605
-2.776439
-3.915481
-2.308877
-4.312090
-1.191095
-7.230622
-2.978628
-5.561150
-0.091285
-2.122864
0.166488
-6.270904
-1.963595
-1.737682
-0.825937
-2.588693
-2.302706
-3.305904
-2.450681
-1.502339
-2.851371
-7.952426
0.783864
-1.932081
-1.673228
-4.329168
-3.008349
-1.524971
-2.997285
-1.713199
-2.661746
-5.807981
-2.373267
-4.554246
-1.503396
-0.989909
-3.363001
-2.905495
-2.785100
-10.023668
-3.216878
-0.695838
-2.053146
-2.718068
-2.856730
-1.827195
-0.162035
-3.874510
-1.759046
-2.687170
-3.980864
-4.853210
-4.947214
-0.307082
-3.481348
1.065001
-2.780965
-2.653121
-3.279040
0.142835
-1.909720
-4.546452
-0.735017
-5.676752
-5.403721
-4.143744
-2.398184
-0.340206
1.950924
-6.237585
-6.015717
-3.062440
0.115504
-3.573910
-2.814801
-2.922469
-2.098486
-0.686409
-1.388329
-3.266547
-7.818901
-5.628169
1.995388
-4.414255
-4.400295
-3.165159
-3.368684
-4.487219
-4.509749
-2.740762
-1.754745
-2.440593
-5.663393
-0.615070
-0.692204
-2.551123
-5.836245
-2.910044
-2.336837
-3.676002
-0.429731
-7.580089
-3.157618
-0.112205
-4.643654
-1.357807
-6.427135
-6.171608
-6.506939
-2.343356
-2.491079
-4.181547
-2.520281
-4.846879
2.420369
-1.344449
-1.045222
-2.128600
0.054548
-2.329513
-0.872558
-4.920323
-1.282016
-2.371753
-3.116951
-2.640157
-5.946770
-2.688423
-4.190100
-4.609962
-3.076967
-2.316787
-2.747072
-3.556184
4.890083
-7.268972
-4.567112
-4.449347
-0.182218
-3.344698
-5.986080
-1.413188
-2.286463
-2.154863
-2.885000
-2.505502
-4.567767
-3.482979
-0.312833
-5.267707
-2.071888
-3.480834
0.734292
-6.685011
-2.525722
-0.773572
-2.254992
-2.807154
-2.466913
0.795859
-2.835901
-2.501867
-2.809997
-2.776680
-4.253384
-2.044675
-1.984230
-1.550640
-3.113008
-0.226833
-3.159948
-1.501570
-5.394097
-7.483471
-3.687704
-3.370206
-3.436459
-5.037978
-0.720157
-0.206285
-0.789288
-0.751289
-2.635395
-1.898802
-6.943424
-4.652667
1.236293
-0.840870
-2.427920
-4.188686
-1.054840
-6.495835
-3.237776
-3.476757
-6.155501
-3.522784
-3.302291
-1.624993
-3.962387
-1.557151
-3.571381
-1.515669
-0.691578
-5.992922
-5.504462
-1.706852
-3.316135
1.104447
-4.620254
-6.715405
-4.949465
-0.440132
-10.435383
-2.110834
-3.570370
-2.709814
-0.511122
-1.761979
-3.671902
-1.843754
-2.188397
-1.889185
-3.826912
-7.850151
2.372122
1.848805
-3.005715
-2.607378
-1.266153
1.041682
-3.337288
-2.308957
-2.114312
-4.247335
1.956213
-0.118842
-1.385695
-4.933009
-6.973864
-1.517705
0.061443
-3.473017
-1.264569
-3.315611
-2.135445
-1.244057
-2.950340
-0.567522
-2.103779
-3.657819
-6.608117
-1.984900
-2.994836
-1.999701
-3.589138
-3.956422
0.426631
-1.418799
-6.442017
-4.526863
-0.445767
-2.226094
-1.311356
-3.189579
-4.301855
-2.426583
-3.128970
-2.403794
1.598803
-4.261773
-4.767748
-0.493981
-5.564114
-3.195711
-4.706399
-1.261717
-2.227166
-2.523676
-3.870520
-4.546805
-1.507969
-1.172216
-1.649165
-1.479006
-1.308190
-7.481446
-0.285612
-1.210427
-1.096498
-6.951636
-2.819901
-6.363971
1.341183
-4.846213
-4.191843
-3.859462
-3.351214
-3.738832
-2.378823
-3.877779
-1.841400
-4.185520
-1.539966
-3.616075
-3.912410
-0.508358
-4.809152
-2.006621
-2.952940
-8.172801
-4.654984
-4.952010
-3.379896
-6.778117
-5.773094
-2.233622
-1.752301
-5.971830
5.507972
0.108077
-2.589867
-3.539073
-3.048515
0.641241
-2.413491
-2.390811
-2.907068
-0.920090
-3.617476
-2.945854
-3.540704
-2.178633
-2.627977
-1.844235
-2.145879
1.445282
-3.517955
-1.618950
-2.080411
-2.402251
-5.547024
-2.945355
-0.137192
0.417636
-1.048305
0.168994
-1.716343
-3.950469
-4.253769
-1.639764
-2.857908
-0.973907
-3.348610
-1.322106
-2.852903
-1.728428
-2.529293
-1.666036
-1.653349
-3.293088
-2.660257
-2.225959
-3.441013
-2.533388
-1.468936
-1.784894
-0.536503
-0.895296
-4.886124
-2.604919
-1.215348
-0.273111
-1.671745
-2.102909
-1.629341
-2.702139
0.929901
-0.174215
-2.242472
2.638937
-3.817705
-0.653407
-5.225826
-5.296668
3.726694
-3.322245
-7.305699
-6.213382
-6.175210
-5.256061
-2.132756
-3.889148
-5.219666
-4.324297
-2.175664
-6.565181
-3.094656
-4.331653
2.990510
-3.370929
-2.393889
-3.823581
-3.087769
1.191539
0.642256
1.342169
-3.038795
0.071368
-2.087937
-3.738028
-4.650293
1.469482
-3.453908
-4.774035
-1.779534
-5.731370
-2.930448
-3.939857
-2.594986
-1.467281
-3.392235
-3.787968
-1.305277
-0.743869
-1.450206
-0.065663
-2.660444
-6.575876
-3.686963
-3.196947
-2.089941
-4.310699
-2.773541
-4.137901
-3.044900
-1.997430
-4.744889
1.459259
-5.660599
-3.375438
-2.810707
-4.822714
-2.834407
-0.969387
-2.775884
-2.052909
-7.134952
-7.190630
-4.792841
-2.858574
-1.818261
-4.661685
-0.795938
0.581254
-4.093484
-3.527843
0.132356
-2.360637
-5.568657
-1.350355
-2.731191
-0.213091
-4.889847
-1.781718
-1.006225
-2.689048
-1.842768
-4.565161
-5.114203
-3.721584
-1.786202
-8.373782
-3.633650
-1.734709
-1.886341
-3.134561
-3.791635
0.526526
-1.571800
-2.399576
-1.768755
-4.738858
-2.700981
-3.801394
-9.358429
-2.736845
-5.073123
-2.327331
0.330327
-1.466090
-0.481953
-2.738036
-3.343055
-0.178597
-1.796064
-1.453570
-1.793400
-5.734815
0.739539
-1.068418
-2.480142
-2.196610
-2.005249
0.680365
-1.156517
-0.947066
-6.251982
-4.696043
-9.352121
-3.940762
-1.459641
-4.144738
-5.465089
-4.262357
-4.558330
-3.153002
-2.146530
0.070630
-4.061791
-6.548349
-1.739269
2.090164
-3.557789
-3.458551
-2.596349
-3.927292
-5.412320
1.506656
-2.398122
-3.117522
-2.547982
-3.611281
-4.185067
-3.701151
-3.566097
-1.466395
-4.610734
-4.795085
0.814373
-1.419179
-2.487255
-5.130525
-1.254068
-2.786341
-3.090285
-5.638839
-3.423458
-4.769336
-3.723898
-4.637698
-3.717095
-1.682139
-2.785453
-5.734849
-2.763837
-6.446542
-0.526736
-5.641933
-3.679941
-4.368579
-4.652951
-3.547989
-4.364592
-3.299497
-3.788700
-4.066901
-2.767872
-2.159441
-0.364030
-3.468694
-4.437199
-2.194292
-3.536143
-2.787924
-0.183687
-5.033191
-3.773074
-1.751685
-2.062109
-2.821328
1.004671
-3.625183
-3.807843
-1.928147
-1.685779
-1.015993
-5.024663
-4.392403
-6.791877
-1.849349
2.449800
-2.353254
-1.978833
-5.294671
-2.250190
-2.760601
-3.481584
-3.049059
-6.450564
-2.995492
-3.868514
-2.952157
-1.433413
-3.705850
-2.039248
-2.301937
-1.423427
-3.956395
-4.588852
-3.196670
-3.032534
-0.921494
2.977310
-2.906696
0.509906
-5.610249
-7.450707
-4.691873
-3.731011
0.337850
-4.896836
-2.658089
-3.476456
-3.437592
1.592561
-4.410181
-0.707944
-3.374017
-3.421434
-4.131765
-3.260418
-2.848920
-0.864779
-3.772246
-3.392317
-5.238805
-1.033459
0.044199
-0.625319
-1.316246
-2.637074
4.698094
-3.262820
-4.415692
-4.041028
-2.710176
-3.196375
-0.515211
-3.567971
0.852113
-1.449814
-2.156446
-5.240312
-2.042860
-2.699947
-3.131779
-2.720469
-1.797043
-2.994490
-1.216892
2.028719
-7.005284
-0.529614
-3.778084
-3.419970
-1.600085
1.034796
-1.888268
-6.483810
0.174607
-1.809001
1.080274
-2.876163
-3.608672
-3.149536
-3.433821
-2.846318
-2.251277
-2.634736
-2.039704
-2.713289
-6.005634
-0.879910
-4.167853
-3.590245
-4.248509
-2.341192
-2.495809
-1.208665
-2.959167
-3.878183
-2.869356
-1.007409
-6.490036
-6.183887
3.950549
-2.271926
-2.962532
-3.321046
-4.798724
-3.371387
-4.785333
-2.716229
-2.265282
-5.627134
-4.601041
-3.450668
-3.745486
-2.623394
-3.698077
-5.374535
-3.284904
-1.351709
0.244745
-3.750835
-2.749199
-2.472544
-1.373541
-0.700081
-2.947258
-2.613387
-3.799321
-5.330427
-7.621885
-4.041487
-3.046433
-3.252954
-3.390304
-2.157222
-5.369704
-3.459061
-1.965662
-1.660325
-0.026113
-6.361392
0.287614
-1.746112
-1.188526
-2.726897
-4.319427
-4.445376
-1.381340
-3.051245
-1.323250
-4.242683
-4.444092
-0.862976
-5.674191
-0.418031
-2.666414
-4.938117
-8.386976
-2.564295
-2.997337
-4.366661
-2.777263
-1.096605
-2.933413
-0.584350
-1.319107
-2.920728
-1.394658
-1.853385
-4.612597
-4.116510
-3.219806
-1.085012
-5.308604
-3.068247
-7.526879
-1.592651
-3.917339
-3.801975
-5.030515
-2.860447
1.060476
-4.703070
-3.650590
-2.900555
-3.549334
-3.939028
-4.852026
-2.677939
-0.438314
-5.072016
-1.808619
-5.931416
-2.361894
-2.871011
-6.256114
-5.340588
-2.310956
-4.697176
-1.442956
-4.204070
-4.686614
-3.667817
-5.620433
-3.884242
-4.901181
-6.709338
-2.911968
-0.286681
-1.643939
-1.449975
-0.852154
-1.997600
-1.025703
-2.169569
-2.353311
-3.390263
-3.468842
-4.607169
-4.719791
2.376234
1.430110
-1.913786
-3.459819
-2.802349
-1.366299
-5.250436
-2.573960
-4.347943
-3.192317
-3.020764
-1.727870
-1.335268
-4.093102
-3.805671
-3.805211
-3.189538
-5.805996
-6.368229
1.058414
-3.805500
-2.095648
-2.079861
-3.350332
-2.010222
-4.942615
-0.895651
-1.213996
-2.064246
-0.552162
-0.265791
-6.651194
-2.672229
-2.229640
-1.677000
-1.511088
-2.674409
-1.311845
-3.588967
-3.998459
-3.906482
-3.290912
-3.447421
-3.665155
-7.307435
-1.878268
-6.685092
0.250507
-3.340323
-1.124915
1.057692
-2.287757
-7.170901
-3.576442
-1.363920
-4.591475
-6.221686
-4.223034
-3.223488
-3.180378
-2.364361
-2.019894
-4.827641
-3.183893
-0.932466
-6.296694
-1.192734
-2.452503
-2.263190
-3.225015
-3.815812
-3.364934
-1.994211
-1.068285
-3.216561
-3.305775
-6.294989
-6.488959
-3.108379
-4.863235
-6.488032
-2.001230
0.151481
1.117172
-2.897755
-3.189381
-2.004557
-4.679360
-4.863031
-3.355211
-2.456586
-4.851878
-6.525310
-4.860858
-1.490048
-3.890319
-1.461064
-5.484023
-3.726313
-4.027823
-4.025654
-6.916720
-3.240497
-0.676937
-3.228525
-2.436839
-0.549192
-4.528945
-1.852432
-0.718202
-3.130703
-0.290021
-3.855577
-5.809145
-2.347646
-0.544990
-4.085371
-5.221050
-3.413358
-2.605477
-5.498734
-1.229194
-1.494766
-3.050540
-3.187215
-4.522130
-3.675700
-3.327567
-1.812322
-0.969892
-3.101553
-2.800614
-4.890115
-1.380697
-2.365823
-6.599298
-1.536152
-0.514286
-1.232112
-2.050664
-2.392020
0.948251
1.378809
-3.492722
-7.546035
-4.198258
0.038594
-4.020388
-3.112031
-0.606735
-2.622972
-1.077899
-2.522531
-2.985299
-0.532454
-2.555028
-0.683152
-2.309771
-2.154047
-2.890922
-4.516775
-8.317486
0.081020
-2.988976
-4.618067
-3.682091
-2.132197
-3.753489
-4.394839
-3.182174
-5.357436
-1.641281
-0.948028
-4.872610
-2.475821
-4.069779
-1.535333
-2.444633
-2.535575
-3.172161
-2.265574
-2.645465
-1.208999
-1.949572
-1.952675
-3.461641
-7.032884
-3.635581
-4.025386
-4.644146
-3.205523
-4.613884
-0.351432
-0.777160
-4.392936
-3.490712
-2.232142
-0.573275
-4.902213
-0.280516
-1.519493
-3.496544
-2.039856
-2.083803
-1.427803
-3.086238
3.477818
-2.933787
-1.911200
-0.624305
0.746182
-4.436909
-2.258399
-3.982326
-4.094838
-2.582216
-1.895379
-0.565578
-6.753194
-3.638687
-3.202607
-1.955317
-3.909717
-3.555966
-4.204610
-5.044208
-4.282629
-2.284164
-5.975545
-2.316029
-3.719588
-5.008852
-5.902841
-2.801669
-2.082663
0.245092
-0.803666
-2.970009
-7.435230
-5.121729
-2.659279
-4.526534
-1.956322
-3.104801
-9.376905
-4.865016
-5.088736
-1.732993
-4.406210
-3.720235
-5.029187
-3.779493
-2.419626
-1.892864
-0.509387
-3.803326
-1.825739
-3.123999
-5.231960
-1.712736
-4.388544
-1.742484
-4.967683
-4.831298
-5.691794
-1.751333
-1.838499
-3.451641
-2.093241
-4.662588
-2.912776
-2.490092
-0.478479
-2.783599
-3.318553
-3.083304
-3.906573
-2.181209
-6.189365
-5.006687
-4.657004
-1.508134
-2.883473
-5.179348
-3.636411
-3.382225
-0.796018
-4.516501
-2.683819
-1.487234
-3.473760
-2.696781
-0.471773
-2.608845
-2.615438
-2.937217
-4.620389
-2.953298
-6.550499
-4.649987
-4.810136
-1.753732
-3.318612
-6.533930
-2.055018
-2.189438
-1.498622
-4.668999
-2.901983
-2.398442
-2.455932
-5.026165
-2.020683
-5.165591
-3.578639
0.663595
-2.006161
-5.420330
-2.906751
-2.382361
-2.569846
-2.326462
-6.636112
-3.601034
-3.083471
-2.818612
-7.149312
-4.571723
-1.587692
-1.100023
0.301104
-3.430123
-1.791254
-3.227754
-3.163864
-0.179299
-5.024200
-2.277555
-4.305925
-2.835381
-5.558953
-4.513276
-3.482558
-2.411530
-1.960719
-5.216891
-3.535567
-4.021129
-2.343185
-7.367069
-1.720132
-0.303211
-3.825190
0.671993
-3.781934
-2.877573
-1.018057
-3.183960
-4.923120
-4.772820
-5.088887
-2.583939
-3.783731
-4.113603
-1.639987
-2.811285
-4.147311
-4.552557
-4.797641
-3.770889
-4.000468
-6.209754
-4.914395
-3.287550
-1.062608
-1.055367
-5.399391
-3.474863
-2.735286
-3.752505
-4.783967
-4.202309
0.596489
-1.499937
-0.800822
-1.886601
-2.875942
-3.550341
-3.325678
-5.319674
-4.812425
-1.884879
-5.287169
-4.913229
-4.416384
-1.465875
-5.248083
-3.412975
-1.662870
-1.791512
1.073905
-0.944377
-4.108229
-3.188878
-3.070549
-2.283525
-2.700461
3.095027
-5.534119
-2.337053
-5.691563
-0.356313
-0.753865
-0.822637
-5.638733
-2.925002
-4.082331
-4.955981
-1.681135
-2.211605
-2.522855
-3.751884
-4.207686
-1.796459
-3.326339
-0.930732
-6.121131
-2.304531
-1.874454
-0.878646
-5.200967
-5.769997
-5.058910
-0.809815
-1.901467
-3.144769
-2.422838
-3.539015
-1.156536
-2.493553
-3.721014
-3.905941
-4.548577
-4.085641
-5.399597
-4.248816
-2.664387
-5.229854
-7.423859
2.831928
-6.373132
-4.257781
-2.092844
-5.041052
-1.882172
-2.233270
-2.401444
-4.314200
-2.280253
-4.421670
-2.614847
-1.790538
-3.972991
-4.459771
-3.418951
2.236661
-1.852524
-2.351138
-2.127903
-5.252720
-2.862838
-2.815132
-1.847601
-2.692678
-3.803318
-5.724029
-3.958329
-4.427211
-1.482044
-2.647799
-3.212142
-1.240831
-8.627542
-4.546569
0.467892
-3.294921
-1.232233
-3.618992
-4.315353
-2.293326
-2.958613
-2.558472
-4.827111
-2.949540
0.195619
1.639846
0.265043
-3.107675
-4.516024
-0.155511
-1.244788
-5.036520
-4.991856
0.117824
-4.918989
-2.998063
-3.072741
-3.995051
-7.150826
-3.019944
-4.853752
-2.252880
-2.908777
-3.447584
-2.476675
0.214306
-2.896854
0.136495
-5.035036
0.786742
-6.450970
-0.883428
-3.302049
-4.457162
-3.982752
-1.970010
-3.697269
-4.185323
-3.872634
-3.112353
-2.953839
-1.461300
-3.394618
-1.958280
-2.415675
-3.282892
-1.651055
-2.402829
0.996439
-1.883685
-4.790452
-3.260112
-3.332088
-0.093511
-2.037929
-3.023435
-4.550418
-4.379428
-4.163811
-0.281641
-2.711965
-2.792736
-2.508215
-3.341822
4.400282
-4.954665
0.211607
-1.087002
-1.197452
-1.115610
-3.323539
-1.370194
-1.839561
-3.276782
-4.495917
-4.371177
2.545146
-4.649771
-3.835088
-2.274659
-4.356234
-2.762447
0.215447
-4.972068
-2.913058
-6.324857
-2.959313
0.717524
-2.396610
-4.313015
-3.970539
-3.896510
-2.861151
-1.921897
2.020725
-3.237770
-4.412021
-1.024026
-3.603839
0.676850
-4.512596
-3.023629
-2.558400
-3.116736
-4.506329
-3.504426
-1.707133
-1.627138
-5.801180
-4.284714
-3.330510
-1.080921
-3.000531
-3.247105
-3.041809
-4.082299
-4.062826
-3.738490
-5.568172
-4.690197
-2.978881
-2.409771
-3.635405
-2.666420
-2.110916
-0.317063
-2.990835
-2.771039
-7.572539
-4.784098
-4.778068
-6.301578
-4.088959
-3.221951
-2.905069
-2.068290
-0.978097
-2.097569
-2.166017
-1.112466
-1.458927
-3.262333
-0.780257
-5.004907
-1.295125
-2.864385
-4.502877
-4.322915
-4.554750
-5.241707
-2.662267
-2.186633
-1.686997
-2.079773
-5.207894
-1.710000
-3.539207
-3.961506
-2.116753
-4.177354
-1.627468
-4.100198
-2.994699
-2.126386
-3.485914
-4.722896
2.015983
-1.435519
-2.056052
-2.134390
-0.511563
-3.171510
-2.333231
-3.161942
-4.459622
-3.223080
-1.668111
-1.141593
-2.734537
-3.034672
-1.174977
-3.712631
-4.828384
-6.419755
-3.171696
-0.958834
-5.236890
-2.102912
-4.724807
-2.535012
-3.203245
-3.543847
-2.624006
-4.085767
-3.977211
-3.370864
-2.157844
-2.464097
-3.284452
0.212613
-3.270988
-1.203134
-3.543041
-2.875809
-2.864932
-3.434245
-2.303384
-5.408034
-5.435437
-2.699254
-3.546825
-1.789041
-3.498396
-2.787934
-4.979291
-0.894225
-3.174154
-3.709306
-2.847872
-0.891210
-3.737424
-3.146199
-2.178732
-3.566016
-6.963273
-0.246993
-3.569937
-6.459258
-2.709097
-0.249718
-7.048066
-1.818040
-5.412979
-6.164337
-1.397325
-4.492629
-4.683965
-2.227272
-1.979276
-7.153838
-3.244250
-3.390793
-3.411106
-4.149015
-4.169808
-2.847966
-4.227838
-3.756866
-4.209733
-3.808671
-5.152276
-0.071477
-5.596659
-2.301103
-1.959723
-4.822231
-3.388003
-0.871786
-2.839110
-1.604076
-0.749356
-2.441092
-4.885803
-3.677967
-4.677011
-4.057796
-6.053899
-2.527569
-0.143655
-0.053116
-3.283846
-2.832837
-2.306736
-1.723558
2.372397
-4.680025
-5.603749
-4.278373
0.650322
-3.451787
-3.999146
-6.546224
-1.872302
-8.113726
2.018253
-5.066520
-4.279809
-1.474372
2.223552
-1.835597
-5.125835
-4.444760
-2.435735
-4.231358
-1.917244
-2.380155
-3.911248
-2.651920
-2.125762
-1.707044
-4.184135
-2.912335
-1.101679
-1.849973
-3.811733
-2.845866
-4.660541
-3.619534
-0.911488
-2.020598
-4.228145
-3.786800
-4.442841
-3.037309
-1.793553
-3.469881
-3.904690
-3.946114
-7.101198
-1.810037
-4.364070
-6.576383
-1.280575
-6.908051
-4.467113
0.580279
-5.185285
-3.858727
-4.593771
-2.195918
-2.375507
-4.602991
-6.652919
-0.794190
-2.966953
-4.360559
-6.161918
-3.492896
3.193302
-3.057423
-2.122513
-3.349697
-5.997425
-2.905971
-3.181230
0.805377
-1.571796
-1.626087
0.372985
-2.119165
-2.872494
-2.778972
-6.396525
-4.493141
-3.098870
-3.057449
-3.962083
-4.919160
-3.399723
-4.672757
-2.987838
-2.509676
-3.337164
-2.826873
-2.556602
-2.136842
-2.364537
-1.673913
-3.924895
-3.478033
-5.226387
-1.738051
-2.367744
-2.847854
-2.469171
-3.575643
-1.241548
-3.544200
-3.277092
-4.366191
-2.962832
2.136261
-4.085269
-2.040013
-1.567545
-2.479692
-8.101007
-2.021670
-2.049581
-4.244456
-0.862898
-3.320821
-3.497548
-3.612358
-1.819636
-0.950914
-6.299980
-0.224111
-2.273289
-3.670416
0.491621
-3.906769
-2.355592
-5.141309
-1.851142
-4.084784
0.532067
-2.474005
-2.545171
-3.901340
-1.842329
-1.521064
-2.133857
0.818935
-4.524979
-2.126954
-2.005464
-3.000008
-3.446894
-3.367730
-3.594008
-4.103885
-3.494228
-3.464995
-4.416318
-2.156824
-2.247509
-6.047453
0.437474
-3.327615
-1.068835
-1.859102
-5.175478
-3.178140
-2.400174
-0.568282
-0.550887
-1.071257
-6.302726
-1.322541
2.756491
-2.812541
-2.648489
-3.417439
-1.723239
-2.465928
-7.644417
0.626456
-5.119179
-2.898465
-0.727065
-5.534692
-2.323967
-3.498085
-2.209717
-3.276067
-1.446668
-4.578450
-0.865263
-2.777661
-3.925728
-2.992260
-2.547374
-2.075616
-4.626440
-3.841776
-2.245134
-2.655192
-0.347278
-2.241608
-4.113320
-2.592006
-3.161144
-1.260364
-3.665267
-5.454519
4.042630
-5.192677
-5.053199
-5.768677
-4.720646
-5.470283
-0.043082
-3.143795
-1.605950
-3.322176
-2.341953
-3.344531
-2.762619
-1.806181
-5.202019
-3.123153
-5.203731
-2.550273
-0.974831
-0.282290
-4.536126
-1.825235
-3.451518
-1.690291
-2.153019
-2.231737
-5.080463
-2.331097
-3.822323
-3.995851
-0.116588
-2.324570
-2.381585
-3.293323
-2.419683
-4.140093
-3.135883
2.368515
-5.128824
-3.548387
-6.219102
-3.393045
-2.909049
-2.703856
-3.980241
-0.730042
-5.009634
-2.916802
-8.022506
-3.595368
-2.197068
-2.775557
-3.481786
-2.279271
-1.632648
-4.262120
-3.249724
-3.986321
-2.469652
-3.727554
-3.815339
0.728302
-4.098372
-2.043569
-3.882779
-4.329629
0.009853
-1.772548
-3.541687
-1.515125
-1.694803
-1.931350
-1.945619
-3.932642
-3.055087
-3.429130
-3.227383
-2.918344
-2.955700
-2.083046
-0.290480
-3.365994
-3.933721
-1.124307
-1.263848
-4.766528
-3.895967
-3.381646
-2.480742
-5.180026
-1.662856
-2.217922
-0.737177
-5.175086
-5.963272
-3.573349
-3.163012
-0.877786
-2.389699
-2.316148
-4.753440
-7.151306
-4.927326
-3.712989
-2.381322
-6.051118
-4.135930
-2.304887
-1.738295
-0.972296
-4.874114
-4.003386
-5.029452
-0.913384
-2.246931
-4.448102
-3.803907
-4.401784
-3.237862
-4.376810
0.681539
-3.314297
-2.569462
-0.024154
-3.996507
-0.700143
-3.442342
-1.746265
-6.383745
-1.521779
-3.849954
-4.908177
-2.823943
-0.277659
-0.050720
-3.790527
-4.427928
-3.178289
-2.044210
-3.451007
-4.007368
-3.099855
-3.926959
-3.646996
-1.462422
-2.385851
-4.715638
-3.874619
-4.820791
-3.055105
-8.507228
-5.404442
-4.902727
-1.265722
-3.457933
-2.052214
-3.845935
-2.366755
-4.378695
-3.642402
-0.566692
-5.679463
-2.907223
-1.636954
-0.759650
-3.168199
-7.206192
-2.499024
0.531108
-1.972741
-5.558742
-0.287344
-2.841176
-1.965788
-2.611182
-3.341566
-4.181011
-2.415758
-2.439868
-4.386202
-2.561295
-4.339979
-1.402171
-4.418422
-4.071906
-2.117142
-2.604996
-1.219783
-1.424545
-1.495870
-1.771593
-2.766240
-5.007620
-3.144629
-4.802336
-3.975136
-3.954099
-4.068620
-3.574299
-3.150990
-0.409608
-5.175249
-1.159024
-2.367841
-5.354090
-2.596622
-0.442813
-2.188971
-4.935584
-3.633373
-3.349554
-3.986640
-4.504258
0.223692
-3.984447
-2.994340
-1.806050
-5.239835
-0.422132
-2.501348
-2.631334
-4.452152
-5.673028
-2.920425
-2.959576
-4.694270
-1.567651
-2.756028
-3.285829
-3.026679
-4.930270
-3.153428
-8.899392
-3.097388
-0.137514
1.122022
-2.439559
-3.657532
-3.284340
-4.292540
-2.066476
-2.864755
-3.153424
-3.995177
-4.077088
-1.237340
-1.047463
-3.397685
0.927742
-7.159110
-8.227998
-3.592037
-2.318891
-2.870764
-1.559538
-3.352376
-3.934244
-2.647663
-5.879289
-3.515918
-3.603052
-8.376735
-5.089026
-2.192296
0.145796
-4.223536
-6.394736
-2.790544
-2.640394
2.119279
-4.199727
-1.469287
-3.080594
-4.713844
-1.664524
-4.672227
-3.010777
0.539644
-2.750441
-4.192488
-2.375814
-2.638124
-2.291660
-5.949570
-1.002548
-4.912258
-1.422383
-4.144526
-1.415695
-2.372361
-4.267404
-2.414257
-4.284971
-4.157299
-3.168749
0.083191
-6.251039
-3.403620
-4.209326
-2.214923
-3.566898
-3.477097
-3.917046
-1.921943
-4.713502
-4.072832
-3.340750
-3.555231
-7.206598
-4.610822
-3.038126
-3.903358
-2.785164
-4.160000
-6.565609
-2.963350
-2.275338
-0.836758
-1.541211
-2.380867
-1.404731
-0.326296
-3.155672
-1.531414
-4.485149
-1.769037
-1.592913
-0.790785
-0.019560
-3.297046
-4.415405
-3.880770
-3.561956
-1.277351
-4.026110
-1.337904
-0.122996
-3.919848
-1.892974
-3.244070
-3.847615
-2.149831
-1.780311
-3.460108
-2.880034
-1.355928
-2.809601
-4.172770
-2.602050
-3.244318
-3.228788
-3.649635
-4.006778
-2.763322
-5.375087
-2.747541
-1.311445
-4.818785
-3.523202
-4.054097
-4.232421
-3.534048
-2.490286
-0.991233
-4.712493
-1.309523
-2.549593
-2.414351
-1.793485
-3.803082
-3.052346
-0.247457
-2.980879
-4.728165
-2.721009
-2.370939
-2.897432
-7.462168
-4.317793
-3.840614
-3.447205
-3.423960
-1.450623
-2.915968
-4.440751
-1.867552
-1.571249
-2.764168
-4.180035
-4.338729
-3.522496
-2.492991
-4.166183
-2.953471
-2.204415
-4.641596
-3.882666
-3.075207
-3.938915
-5.562337
-6.698522
-5.357915
-4.160004
-3.036852
-1.733587
-3.109610
-4.152422
-4.997166
-0.759131
-1.939476
-0.614871
-2.116431
-2.883369
-4.771311
-2.268561
-2.940930
-3.228419
2.016251
-3.752450
-2.265475
-3.490695
-2.922666
-1.940841
-3.827348
-3.487291
2.913247
-1.532063
-0.016393
-2.279408
-3.853204
-4.161979
-2.713334
-0.994530
-4.325555
-0.725281
-4.646936
-4.778956
-2.207744
-3.662443
-3.868223
-6.787605
-4.267183
-3.919340
-4.020156
-4.124033
-3.827944
-5.389440
-3.072297
-2.860684
-3.857706
-4.808502
-4.017684
-1.632104
-4.689593
-3.729125
-4.472800
-0.599512
-5.081384
-5.190909
-4.260959
-3.669469
-0.374991
-2.874552
-4.017240
-2.295971
-3.594082
-2.872950
-3.318206
-3.570764
-3.719153
-6.444619
-4.002550
-6.711102
0.378464
-5.475479
-6.726497
-2.540804
-4.055794
-7.121754
0.038094
-2.935510
-3.803107
-2.203218
-1.432194
-6.882395
-1.893070
-2.226540
-4.073595
-4.376141
-1.476458
-3.363874
0.229343
-4.087585
-3.924884
-3.526459
-4.808234
-8.408462
-4.818829
-3.978679
-3.080007
-0.826471
-1.621391
-1.747145
0.344498
-1.230706
1.514232
-4.101409
-3.882059
-1.152458
-6.400434
-4.229041
-3.210237
-4.572936
-3.227488
-3.730371
-4.195899
-1.963061
-0.379839
-2.806019
-5.673520
-5.808132
-1.840729
-2.736971
-4.590089
-2.693552
-2.878098
-5.762956
-2.504681
-2.622627
-3.926688
-2.200402
-4.181371
-4.477015
-9.988951
-0.807169
-6.012774
-2.926887
-2.768034
-1.794302
-3.965583
-0.425122
-3.030821
-4.713895
-9.538239
-4.448802
-1.573539
-1.523436
-5.492299
-4.700552
-2.519948
-3.135959
-2.057127
-5.606554
-5.884257
-1.540829
-1.137971
-3.479509
-3.004755
-4.156030
-4.809924
-5.934950
-4.413559
0.097394
-3.166824
-1.667383
-3.577335
-3.249900
-4.156550
-6.809648
-2.688639
-4.051739
-3.309380
-0.559251
-0.986027
-2.308861
-2.672014
-2.679531
-5.672490
-6.445120
-6.294196
-0.900498
-5.484522
-4.261808
-2.666531
-1.723842
-3.201345
-4.246613
-2.503374
-4.876001
-0.775077
0.578765
-2.557123
