-7.855048
5.457862
-3.173129
-7.436442
-6.828384
-8.116114
-7.328987
-0.987857
-7.548170
-6.633611
-6.319387
-7.776829
5.599997
-4.102722
8.281223
-6.211419
-1.552838
-2.070520
-3.295521
-6.367696
-3.594238
-2.511129
-6.791194
-6.612290
-5.353685
-5.820742
2.101201
1.151788
-7.286817
-7.498148
-7.990512
-0.099141
-7.539537
-6.855785
-6.423690
-5.501427
-8.123713
-7.405342
-6.735162
-5.408414
-6.506498
-5.556148
-4.937201
-6.219004
-5.745642
-5.433908
-6.943262
-5.968923
-5.205413
-5.410619
-6.064584
-6.634556
-6.290396
-5.972758
-4.717385
-7.154077
-5.910873
-4.339962
-5.444063
-8.368364
-8.120296
-7.152554
-8.231259
-8.159298
-6.971078
-4.968769
-4.857933
-4.879467
-3.028707
-4.270866
-2.627841
-3.427443
-6.455168
-2.898073
-3.029057
-2.834840
-6.650746
-2.761096
-2.175198
-8.362485
-5.972457
-7.403841
-7.025286
-0.891770
-3.069385
-4.301408
-8.054753
-4.475867
-7.746037
-3.082115
-2.842424
-8.286819
-8.202619
-7.199587
-8.050358
-7.690811
-7.154654
-8.544110
-7.947786
-7.552317
-5.565955
-7.994889
-7.723323
-6.169090
-8.166559
-8.051209
-7.135283
-7.830836
-7.489714
-7.618559
-7.287609
-7.456012
-7.243934
-7.680913
-7.705125
-8.011707
-7.812979
-7.868164
-7.578952
-7.801965
-8.185335
-7.409995
-7.427869
-7.560075
-7.736400
-7.843020
-7.089064
-8.495963
-6.464115
-7.040097
-7.576370
-7.532382
-7.735934
-7.874327
-7.955686
-8.253143
-7.376332
-7.344582
-8.134387
-7.122902
-7.514001
-7.419687
-8.098850
-7.886136
-7.142609
-7.526306
-8.068290
-7.365423
-7.983584
-7.110234
-7.959503
-7.662299
-7.987359
-8.077612
-7.684591
-7.623933
-7.054139
-7.983006
-7.718931
-7.557825
-7.370711
-7.178077
-7.267294
-7.483377
-8.055559
-7.489137
-7.719625
-8.800275
-7.123250
-8.486993
-8.254479
-8.232042
-7.466898
-6.393233
-6.406133
-8.395259
-6.878475
-8.659579
-7.514652
-7.990039
-7.246085
-7.782790
-7.177786
-7.913993
-7.092434
-7.775000
-7.788174
-7.835234
-8.132529
-6.945272
-7.833262
-8.010555
-8.003862
-7.478506
-8.024399
-7.923421
-7.922217
-7.496247
-7.166783
-2.624678
-7.769122
-7.971193
-7.525307
-7.565340
-7.983570
-6.557126
-7.887297
-6.972327
-7.497250
-7.163619
-7.311164
-7.991475
-7.792796
-8.095166
-8.150908
-8.007285
-7.418510
-6.866459
-6.991848
-7.472200
-7.405341
1.637319
-7.549357
-6.980783
-7.300116
-7.221013
-7.679255
-8.248494
-7.368936
-7.983999
-7.497054
-8.544030
-7.545505
-7.449669
-6.401638
-7.563943
-7.889529
-7.392339
-8.046602
-7.510197
-7.618156
-7.534770
-1.939639
-5.493630
-7.769826
-7.636912
-7.668589
-2.789060
-8.253352
-8.184690
-7.873253
-7.537676
-7.543308
-7.729669
-8.431781
-6.955464
-8.063962
-3.225757
-0.576433
4.175446
1.651290
-5.476044
1.161770
5.142332
-4.866014
7.716807
4.836293
1.010377
-5.037786
-0.311843
-0.811682
-8.786806
-1.278741
-5.926483
-5.964198
0.619780
0.614929
0.552499
-2.974105
2.674692
0.811798
0.167920
-1.426966
-0.759652
0.226715
-0.916996
-6.915855
-5.996738
-4.578483
-1.574074
-5.989447
-0.863771
-4.949564
-6.304239
-3.241185
-0.050390
-0.997103
-3.994716
0.710428
-3.860080
-6.150750
-5.899675
-6.108520
-2.638051
5.586287
-0.805155
-6.087792
-5.651469
0.120550
4.683378
-8.612040
-3.813042
-4.112079
-1.783329
-1.418290
-2.032186
-7.087496
3.451971
-5.960040
-6.139298
-3.615001
-1.641708
-6.819086
-2.858197
-3.935131
-3.614182
-0.217136
-4.755049
-7.100719
-3.543042
-9.884034
-6.591023
0.539145
0.600102
0.232621
3.623522
-5.009510
2.517540
3.438745
-6.454350
-10.307986
-6.851108
-7.173167
-9.236315
3.404533
-10.292428
1.846367
-6.452060
3.072879
-8.709352
-0.872437
2.458095
3.362281
-5.166343
3.524043
-3.248320
-4.963581
-5.311795
-1.500366
4.593814
2.218888
0.331227
-1.874609
-3.608439
-2.810545
3.113314
-4.776317
-6.907852
2.768657
2.757733
4.063611
-0.658944
-6.424088
-9.274059
0.171973
-6.076138
-4.665773
-6.781301
-8.358834
-8.249520
-7.172073
-6.931374
-9.581179
-3.399059
-1.077954
-4.350921
-6.536876
-5.305562
-2.881552
-2.398853
-4.012185
-0.395898
-3.013783
-1.852740
2.091899
3.704327
1.319524
-6.582630
-7.709017
-5.561815
-6.685673
-3.422895
-1.165830
1.801366
-0.733872
-0.457066
0.305069
-5.906203
0.126426
0.813404
1.885155
-0.912084
0.912295
-0.053686
-1.115511
-2.235241
1.952730
-8.185448
-7.445686
-8.833752
-0.140769
-0.229043
4.296672
-3.921781
-6.395244
-2.710944
5.158850
-7.545968
-3.774566
-6.239672
-8.395633
-8.130142
-6.476225
-6.623657
-1.157340
-1.645561
0.130330
-4.020587
4.845728
-6.984644
-0.137968
3.215146
0.029439
2.972512
-2.318159
-0.701158
-6.128266
-2.784835
-6.125187
0.219416
-3.395416
-7.904173
-4.470015
-0.121402
3.932079
0.885395
2.375251
-0.448491
-6.305732
3.035964
-6.674860
-8.071847
-6.133735
-8.082389
-4.447878
-0.752843
-5.890940
-8.515887
-7.917921
-2.860491
-0.543755
-3.146819
-4.676568
-1.941295
-6.485534
-5.259514
-8.144227
-0.906317
-7.331805
-4.842840
-2.212640
-0.880574
1.307612
1.599279
0.646975
3.112708
-1.890486
0.074459
-8.149585
-2.895574
-8.155874
0.771503
-3.675524
-5.515745
1.560673
-5.997433
-1.070053
-6.785000
-0.980426
-0.941100
-5.894695
-1.078319
-4.856225
-0.588834
-3.358846
1.514378
-4.827004
1.226311
-1.210950
-2.796273
-9.147993
-0.545317
-0.709784
-4.065516
-3.928321
-0.191156
-6.009498
-2.909273
-6.694886
-1.674370
-2.616955
-0.995725
-9.930419
-3.033754
3.725378
1.129756
0.928754
-7.352597
-2.346205
-3.246550
-0.434007
2.410522
-4.564401
-1.946368
-3.139115
-0.971458
-7.692467
-5.665946
-3.103528
-5.680243
-6.200412
-2.627069
-2.942507
-0.780512
-3.972854
-0.649060
-0.513258
-0.656246
0.891192
-1.896989
-4.282896
-6.538968
2.604185
-5.153056
-3.932522
-3.490201
-9.474614
-0.142795
-5.704000
-5.014642
-1.794413
4.954727
-2.412881
-4.716574
-7.548187
1.936913
-3.542301
-2.093281
-6.334760
0.638722
-3.056066
2.826165
-2.183725
-10.239368
0.130236
-4.886333
3.479166
-1.985434
0.793565
1.450165
3.090825
-2.342665
4.124549
-4.721074
-0.764410
-1.739558
0.949917
-2.182728
-7.525078
3.852737
2.914001
-0.154678
-8.787324
-4.458085
-6.900830
-5.950192
-6.958232
-9.497811
-0.373844
-1.189038
-6.549409
-0.151972
-1.545386
-8.476809
0.632051
-6.208960
-0.327656
0.166520
-7.939818
-7.086984
-7.067626
-4.509470
-6.485273
-1.185024
2.776423
-2.268044
-8.852599
-5.123532
-7.220872
-4.169086
-4.626498
3.172736
-5.938860
-1.489915
-4.168920
-9.195524
-4.483007
-6.901811
-11.558352
-6.754887
0.197821
-1.966160
-0.858466
2.250721
-0.818980
-2.112938
1.006765
-0.393777
-8.846907
-1.985289
1.494333
-4.069162
2.086074
-4.902649
-7.446544
-0.194854
2.647423
-0.911403
-1.250173
0.974526
-11.214794
-8.967686
-1.394998
-4.384668
-5.194169
2.987076
-0.028139
-5.893270
-1.282635
2.033887
-6.780719
-4.237029
-6.830043
-0.718602
-3.311241
-6.054100
-1.028413
-6.639672
-5.872478
-3.535455
-2.980984
-7.326045
0.581182
-2.181385
-0.631794
-0.542864
-2.474106
-3.909454
-2.366440
-0.898258
-7.352449
0.932752
0.781295
-7.376253
-6.382783
-4.126100
-1.834181
-3.784991
-2.700022
-3.688601
-2.751812
-1.692721
-6.670237
1.605951
0.989770
-3.718652
-1.965166
-2.834517
-5.442258
-7.224271
2.594739
1.694040
-2.438072
-0.968008
0.265300
-1.042313
-0.606064
-4.365886
-2.490074
-6.193605
-1.324497
3.300515
-4.183064
-0.887376
-7.193167
-6.118982
-0.503474
-1.645942
4.302489
-5.598023
-8.105201
-6.628789
1.830905
-4.143285
-1.575114
-11.101600
-2.997544
-5.217249
-0.323910
1.832678
-6.770416
0.289313
-5.427436
-3.580509
-0.136138
2.120219
-0.607139
1.091184
-0.587146
-4.124074
-0.442445
-6.329356
1.060035
0.019555
-2.233124
-1.346707
-8.037260
-5.245731
-5.532686
-3.523053
-2.409892
-7.305713
-0.385699
-1.394724
-7.231451
-6.784175
-2.273954
-4.481317
0.811448
-0.759337
-2.269352
-2.986601
-6.496923
-7.686581
-4.824378
-1.149492
-1.351312
0.271212
-2.139195
-8.000094
-3.830347
-2.368943
-4.517211
2.896970
3.369309
2.872306
-6.549749
-3.542662
-1.872913
1.555759
-3.239341
-1.118129
0.829477
-4.508646
-6.611506
2.056875
-4.644020
1.291639
-5.402166
-2.684396
-7.273085
-2.115536
-4.586264
-3.473379
0.225815
1.252781
0.947980
0.326405
0.744687
-2.030641
-0.831631
-5.974196
-0.572379
-5.021811
-5.221724
-5.724305
-3.870708
-7.452569
-1.576345
-8.020228
-7.608190
-3.636169
-5.976583
2.262477
1.866936
-7.525615
-7.021360
-2.947294
-3.933882
-3.553484
1.529809
1.311180
-5.899243
-8.643918
-4.169190
-3.947572
-0.582529
-2.311077
-2.150120
-2.299647
-6.092099
-2.591845
-1.949848
-0.836170
-6.416928
-8.353708
0.701092
-6.705796
-9.794381
-3.064891
-1.278984
-6.472379
-2.330148
-5.274371
-2.647067
-0.351187
-6.353505
2.490009
-0.788774
-3.962635
0.895476
-4.922346
-4.681096
-0.862913
-7.550189
-0.906599
-8.404178
-1.441172
-7.386002
-3.414295
-6.173774
0.418750
-0.843404
-4.095851
-1.827665
1.733558
-4.431156
-1.045219
-6.999634
0.067969
-1.124174
-1.362603
-0.924287
2.053035
-5.404434
-3.210842
-6.959170
-7.608444
-0.978269
-0.683359
-5.000242
-4.182206
2.855607
-0.793243
-7.441705
1.415128
0.487770
-1.621443
-1.099589
2.466233
-1.395872
-0.671867
-5.200123
-8.333499
-5.037129
-2.750831
-2.611695
-0.442895
0.295790
-2.194155
1.296304
-2.504062
-4.608698
-9.286174
1.103491
-4.229094
-1.963067
-3.729816
-2.951919
-7.984066
-7.678417
-5.105083
-7.677971
-1.913435
1.293180
3.544837
1.261425
-6.145719
-0.165158
-2.993697
-3.841234
0.866106
1.968980
-7.660292
-4.540450
-4.939741
-10.037424
-4.428603
-1.704445
-0.776114
2.046774
-10.125372
-7.378994
-2.576241
-5.263225
-3.425673
-2.352390
-6.637074
-9.261883
-0.054045
-5.397629
-5.641386
-1.719443
-0.221337
2.252105
0.173143
-4.575112
-0.496241
-1.560142
-3.025821
-1.938073
-3.277344
-1.611629
3.062980
-8.439279
-0.495967
-4.624060
-4.042000
-4.722194
-5.523813
0.407998
-6.798665
-3.035073
0.048932
-7.670984
0.113195
0.258845
-8.360744
-1.369784
1.142577
-5.288034
-2.106268
-6.345207
0.187963
1.706413
0.188292
-4.046812
-6.148155
-3.168433
-2.017878
-6.226477
-4.607131
-6.873945
-0.545555
1.672600
-4.923498
-1.658500
0.755234
1.275804
-0.270320
-5.167692
0.313283
-2.634012
-6.878740
-4.971786
-0.115931
-0.681996
-7.742000
0.381567
-0.845851
-3.813862
-6.319241
-6.832038
-8.838404
-4.475419
-8.018722
-0.020724
0.830538
-4.391411
0.022646
-4.350014
-9.451657
-5.433211
-4.581085
0.584362
-2.407418
-2.594629
-2.364894
-4.883620
0.552043
-4.288414
-0.383860
0.248320
-2.076708
-3.393541
-5.798303
-4.787942
1.666168
-6.277359
-7.786945
1.969247
-0.717445
-6.969417
-5.466765
-5.861115
-3.849399
-5.709530
-6.593666
-1.908267
-3.438883
-3.040445
-3.698423
-4.730595
-2.704047
0.358954
1.224622
-4.773757
1.385649
-2.167436
-1.196674
-5.522533
-6.984361
-3.663235
0.297920
-7.094296
-0.774145
1.407606
-2.242337
-2.223104
-2.657069
-7.828258
-3.858143
-7.000872
1.784898
0.197886
-2.133932
-1.864814
-7.808873
0.077966
-4.287146
-3.956222
-2.005355
0.581780
-6.843593
-3.539502
-2.086149
-5.456385
-1.214825
-3.491768
-7.569673
-2.337314
-4.353231
0.633965
-1.843203
-7.993641
1.160881
-10.396479
-0.141954
-1.989916
2.098278
-2.642594
-1.914241
1.296543
-0.938775
-0.721171
0.045870
1.108456
-4.620264
1.326051
-3.734783
-1.773123
-9.814474
-6.496552
-1.808243
0.155049
0.120701
-2.909636
0.868845
0.156775
-1.756935
-5.145893
0.249359
1.537981
0.438971
-5.044168
-3.509280
-2.643345
1.028807
-8.413772
-2.032106
-2.927636
0.088828
1.608691
1.664648
-1.066153
-4.591349
-3.739197
-0.871982
-3.731674
-5.729897
-0.943531
-1.823512
-6.330465
0.630538
-4.994795
-3.383612
-1.686108
-6.614070
-5.285161
-3.783800
-6.607933
2.203277
0.774723
-5.793153
-0.983960
-3.580650
-6.280844
1.962826
-1.977313
-6.078332
-0.768826
-4.944824
2.543657
-4.622778
-1.923162
1.366381
-6.810981
-5.187510
-1.003874
1.818664
-5.068261
-2.507462
1.246596
0.065870
-3.652440
-3.810481
-6.894363
-1.200269
-3.245239
-2.295748
-3.933024
-2.436436
-0.620407
-7.525050
-5.753314
-8.253246
-2.533995
-5.583780
-0.296861
-2.139425
0.276368
-5.980642
-1.600478
-7.690716
-0.139433
-5.887380
-6.992132
-1.463821
0.013372
-9.557060
-6.845035
-3.654666
-3.125239
0.347612
2.823823
-2.250643
-1.843849
-2.991165
-4.394553
-4.128622
-5.690779
-9.721889
-3.179848
-8.574426
-5.922394
-1.677667
-7.005308
0.495039
-7.232464
-0.949380
-10.507268
-2.046532
-5.237319
-1.326237
-0.976849
2.555886
-1.537296
-0.667390
-0.391403
-2.479265
-1.497375
-2.014242
0.659674
-2.089360
-5.384103
-3.090606
-7.305566
-8.070040
-4.599676
-7.133054
-2.406583
-7.208467
-6.828586
-0.604058
-0.882973
-5.224628
-1.187936
-1.805277
-0.923871
-2.863819
-5.756160
-0.851329
-4.360479
-0.677065
0.467608
-0.081299
-0.698213
-2.846999
0.323743
-7.177986
-3.964854
-3.187558
-3.927572
-5.813701
-6.093053
-3.739991
2.582020
-2.198139
-3.164877
1.528042
-3.279418
-5.064222
-1.915548
-0.294604
-1.900943
0.281203
-4.102977
-3.512242
-6.013842
0.271962
-0.671111
-5.123398
-1.109579
-3.877285
-0.325247
-3.749614
-2.120402
-2.007357
1.114270
-7.807718
-4.853711
2.354106
-5.258405
-2.156487
-2.380199
-3.441158
1.616647
-7.572168
-1.401545
-4.759135
-7.567065
-2.256589
-5.568566
0.754734
-4.344220
-6.681098
-5.302949
-0.254551
-3.901451
-7.191636
1.948133
-8.617308
-0.893093
0.489102
-1.766186
-0.408848
0.939056
0.606853
-9.275236
-4.038149
-5.145023
-4.309446
-6.501930
-2.725320
-7.644583
-6.427934
-3.143877
-4.633331
-6.343100
-7.836871
-7.696407
-2.638028
-0.040766
-0.155974
-0.099386
-7.658850
-0.282370
-1.201172
-0.888900
-3.421061
-2.306165
-3.788942
-1.900807
-0.522558
1.769548
-2.184702
0.446412
-3.352112
-1.580749
-5.627720
0.444653
-4.629534
-3.892270
-3.264631
0.212990
-4.149275
1.698393
-1.278498
-1.977849
1.889546
-6.550274
0.712251
1.718735
0.697220
-6.326085
-3.281435
-4.173131
-1.783632
-1.830773
-8.475176
-0.115905
-3.141962
-4.479349
-2.896534
-1.477892
0.749390
-0.995348
-1.282069
-5.064012
-7.279215
-0.596822
-7.521097
-5.122147
-5.408931
-0.481667
-3.508450
-7.779354
-7.298445
-7.395535
-1.692047
2.289208
-6.712593
-3.135299
-0.757902
0.191965
-4.673333
-0.923379
-4.355914
-4.955739
-0.546156
-1.468080
-2.378312
-2.849489
-2.028623
0.086253
-1.567970
-6.016291
-4.252517
-2.404305
-0.951272
-1.003256
-1.117643
-3.476043
-1.136660
-6.690944
-2.759934
-2.164441
1.685811
0.521041
-2.810444
-3.225278
-0.210739
-4.477825
-0.602805
-3.220886
-6.642688
-4.149920
-1.995043
-2.930937
-1.838384
2.810185
-3.285311
-3.945379
-4.274412
-4.013227
-0.650441
-6.313735
-3.092526
-2.598567
-1.172837
-5.633294
-5.967043
-6.578653
-3.810108
-7.474798
3.430089
-2.734670
-4.807876
-5.096694
-7.075039
-4.550913
-3.681333
-7.711688
2.572125
-4.722737
0.022236
-5.916514
-0.841953
-2.184432
-0.774010
0.876866
-1.763845
-0.021874
1.511302
-3.847306
-2.425870
-8.857025
-2.777719
-3.151214
-0.843479
0.083286
-0.152210
-6.244707
-2.757184
-2.718569
-5.491796
-6.241333
-3.333369
2.157274
0.875500
-3.007599
-3.862329
1.039160
3.038831
2.090623
0.392038
-3.604508
-2.097205
2.090459
-1.966051
-5.211277
-4.149916
-3.544524
-7.386841
-2.068920
-1.938338
0.010521
-7.552411
-6.178843
-1.184432
-7.798297
-2.230463
-9.937634
-3.014686
-1.762443
-6.011819
0.775600
-1.451956
-6.396757
-0.812901
-5.698701
-5.183232
-9.546424
-4.456861
1.155751
-2.471124
-5.708474
-0.821983
0.564878
-0.075769
-8.184041
-5.995610
0.081872
-6.731814
1.002995
-6.690556
-6.351749
-7.486203
-8.371422
0.423869
-0.549908
-2.097718
-8.128996
-1.674950
-5.504219
-0.955357
0.383583
-5.757063
-0.241350
-1.510180
-4.267360
-1.549506
-2.793866
-0.768810
-0.306048
-6.409515
-1.673850
-1.008760
-0.738487
-3.738310
-4.082389
-1.820583
-3.224163
2.048536
-9.146559
0.239179
-4.604303
-0.279296
-2.311022
1.523892
-1.042701
-7.729193
-1.179527
-4.838594
-7.018257
-0.858794
-1.470060
-4.149354
-4.404247
1.164522
1.209059
1.263472
-7.380538
-4.778220
-1.524024
-3.318182
-6.351911
-7.305495
-1.011611
-4.738129
-10.966805
-6.219563
-3.296830
-1.364362
1.048568
-8.917898
-0.282188
-1.781387
-1.206082
-5.220151
2.453627
-0.188368
-0.971217
-4.379646
-2.629764
-1.166623
-5.536326
-3.156374
-2.024935
2.321720
-4.102709
-4.449867
-3.800696
-5.056231
-2.043227
-7.031664
-5.588802
2.320582
-6.846888
-3.387911
-6.534213
-5.038327
-6.345017
1.856444
-6.130138
-4.827836
-1.076436
-6.432728
-5.970572
0.277935
-3.117947
-1.674909
-5.370351
-3.966605
0.750728
-2.558339
-3.717753
1.234685
-3.063786
-0.171680
-6.219039
-2.927114
-1.626449
-4.195482
-2.415189
-1.204854
-5.998836
-4.999581
-1.479928
-3.886127
-4.538951
-9.838427
-5.506761
-6.968397
-0.914531
-4.521016
-1.113905
-4.663463
-1.581891
0.413395
-0.318281
-6.069419
-0.806261
-10.364298
-6.336936
-3.971038
-5.193552
-6.736633
-1.465945
-1.873476
-2.196888
-5.884313
-3.607599
-0.825229
-4.112147
0.003414
-8.073951
-7.756375
-5.238895
-0.048843
-0.576560
-2.474944
-4.977303
-4.739502
-2.683381
-3.606278
-2.322521
-7.023585
-6.472959
-4.708674
1.898411
-1.802809
-8.799634
-6.827074
-1.459580
-1.108930
0.007656
-6.778217
-5.487543
0.507339
-9.663844
-5.263626
-1.157767
-2.722753
-5.724089
-3.560696
-5.494770
-3.785622
0.189292
-4.820180
-0.726587
-3.977757
-0.260827
-7.082236
-3.195452
-2.528215
-1.780385
-1.401717
-7.232997
-4.598599
-4.877169
-2.261165
1.739439
-7.372011
-1.123330
-1.473834
-8.514586
-0.482180
-3.855799
-4.968350
-5.632088
-6.290757
-0.778380
-7.873439
0.902759
-6.652951
-2.807284
-5.778481
-3.369271
-1.399360
-3.299490
-10.339178
-1.381944
-0.172290
0.489803
-3.354625
-1.141733
-2.092910
-3.939973
-5.083131
-3.798231
-4.810551
-3.088283
-4.177297
-2.407065
-5.869679
-3.477123
-3.057739
-0.005444
0.616616
-0.224959
-2.302408
-1.567810
-1.701152
-1.164353
-8.620570
0.080736
-2.953885
1.417036
-6.718774
-4.615047
-2.831012
-6.312920
-2.160379
-1.433474
-7.638684
-1.258565
-7.180445
-3.659171
-1.592913
-1.094118
-3.745421
-0.271042
-8.942532
-6.041346
0.229029
-0.682735
-2.488176
-3.100423
-2.889618
-1.588042
-3.633181
-1.082868
-2.442275
-5.504251
-2.391550
-4.340820
-0.541744
-3.078902
-0.502790
-2.182474
-1.841280
-5.695106
0.140298
-0.174298
-1.955930
0.061581
-5.249085
-5.532206
-5.323756
-5.763654
-1.204466
0.182598
-7.175244
-4.609281
-1.144063
1.321069
-3.911946
-2.477259
-1.826773
-0.974054
-4.089534
0.290830
-2.260729
-7.526363
-8.503462
-2.038321
-5.958278
-6.933325
-4.749940
-0.948321
-7.842434
-3.035729
-2.994499
-0.620711
-2.747147
-6.467930
-2.143856
-3.621604
-4.495475
-6.044663
1.524011
-2.009173
-4.152889
0.267216
-5.840582
-6.770631
0.194700
-8.128969
-2.030348
-7.564061
-6.209127
-6.972904
-1.946961
-3.065765
-4.864990
-3.258996
-4.173620
1.496096
-4.175910
-0.807429
-2.814399
-0.876009
-3.622065
-5.620560
-6.125066
-2.673526
-5.238847
-5.912785
0.734319
-5.505567
-1.076200
-2.379751
-6.289335
-3.282443
-2.135144
-3.803097
-5.163451
0.480584
-5.608722
-4.468930
-6.327618
0.729102
-4.534448
-3.980920
-1.744753
-2.775854
-2.087847
-0.386073
-1.492476
-3.332680
-6.092025
-2.949761
-8.595848
-3.137208
-2.241200
-1.047973
-8.390472
-2.042154
-0.391418
1.839662
-3.292277
-1.226094
1.078687
-2.462234
-1.985913
-0.789733
-1.006611
-7.589414
-3.121892
-0.831834
-2.506536
-0.683074
-2.235599
-3.443953
-3.917472
-7.927141
-5.317997
-2.321097
-6.549697
-2.117209
-5.340237
-2.950365
-0.329539
-0.896004
-1.142269
-4.544073
-0.181492
-6.901186
-4.684057
-0.341069
-0.826913
0.027820
-5.944448
-2.232037
-7.453983
-3.939405
-2.509689
-7.912353
-5.932000
-3.851805
0.038411
-4.992957
-0.732816
-5.538357
-0.738866
-3.225461
-3.889526
-1.694676
-1.129002
-6.077367
-1.071929
-6.823411
-3.820287
-7.427435
-0.894971
-9.596766
-1.194832
-2.854886
-2.861292
0.523681
-2.403456
-3.310894
-2.391673
-2.115819
-3.501593
-1.755997
-6.421844
2.315748
-0.592600
-6.822890
-0.218760
-2.418595
1.424905
-3.766099
-2.661223
-0.016208
-7.512022
-3.790782
0.721024
-2.310845
-6.644248
-7.290329
-4.618690
-0.767115
-3.513687
-3.026791
-7.459250
-2.350887
0.682856
-3.876925
-2.145903
-3.796742
-3.647715
-8.938689
0.088600
-2.991509
-5.685921
-5.480897
-1.941597
-0.540186
-2.055029
-6.235289
-4.127629
-1.900705
-0.476161
-3.967246
-1.772887
-5.524792
-1.152202
-0.448836
-3.042186
0.744458
-7.181307
-3.532683
-1.594059
-7.885526
-2.389636
-4.060218
1.734521
-1.629711
-0.195725
-2.291203
-7.228180
-1.873712
-2.298342
0.587523
1.072699
-2.900299
-7.129987
-0.120982
-3.604861
-2.466696
-7.836565
0.016589
-10.065542
0.028878
-7.771021
-7.901276
-3.743800
-5.658130
-4.790709
0.477569
-3.137291
-2.154104
-5.161148
-1.867884
-3.365849
-4.342837
-2.780011
-7.424796
-4.953521
-2.922159
-5.112920
-6.282994
-6.477987
-3.646144
-6.986104
-6.943590
-1.781598
-1.481185
-5.440938
1.589673
-2.217135
-1.239621
-3.239950
-3.956938
-1.458295
-2.537641
-0.076895
-1.156857
0.387421
-4.472980
-2.372047
-2.436391
0.298498
-3.390245
-4.025373
-0.956519
1.248806
-4.823940
-2.459757
-4.799385
-2.971574
-3.239362
-3.140765
-0.096276
-2.429474
-1.435324
0.596275
-2.406011
-1.771535
-5.375422
-1.198746
-0.600846
-4.202127
-3.187485
-1.508569
-1.059281
-1.289939
-2.548636
-2.499598
-2.898837
-0.342282
-2.191086
-0.206009
-7.199678
-1.248639
-0.837319
-2.066982
-1.387578
2.178921
-7.609819
-1.846716
-3.939297
-0.997524
-3.244718
-0.082733
-1.078261
-2.791002
0.981585
-0.881353
0.575740
1.580056
-1.773298
-0.323390
-6.586808
-3.576108
0.112892
-5.807892
-4.536688
-7.649453
-3.721552
-7.624014
-3.102925
-1.849184
-6.782648
-6.472034
-6.437884
-6.944049
-0.470582
-7.052478
-0.068917
-5.223196
-2.652864
-3.334550
-8.018196
2.913836
-2.079895
-0.390940
-2.473281
-0.058190
-1.453297
-3.313860
-5.432830
-0.898184
-1.785830
-3.906069
-3.318720
-0.624769
-7.270244
-1.562299
-3.597906
-2.945643
-2.578644
-2.426975
0.985823
0.822843
-4.715399
-0.930326
-0.737178
-6.272320
-2.253637
-5.253327
-5.823833
-3.063449
-7.518139
-3.702734
-4.492983
-2.043652
-6.926687
0.456928
-0.032675
-2.058159
0.078558
-7.281876
-4.954135
-0.857111
-3.711918
-0.891628
-7.538934
-7.855213
-5.825904
-4.319123
-5.020762
-4.138216
-0.942305
1.211079
-1.230515
-1.988381
0.017561
-1.342511
-5.640082
-4.742333
-0.216837
-1.206795
-6.794926
-1.571258
-2.887851
-1.783305
-0.674430
-4.479485
-6.415775
-5.212047
-3.026764
-6.505415
-3.556608
-1.541002
-0.802338
-6.794054
-3.305409
-0.203528
-1.950371
-2.108954
1.142249
-4.868920
-1.983008
-5.352334
-7.271371
-3.374421
-6.910126
-0.552333
0.871746
-4.506370
0.853148
-7.063408
-1.751435
0.267553
-2.450707
-2.677637
-2.052847
-4.359748
-0.091690
-0.185421
-2.189167
-2.229424
-2.793844
-1.626950
-1.705665
-2.144051
-4.673954
-3.438291
-4.915385
-2.570218
-1.016292
-1.728917
-7.026381
-2.945925
-3.240680
-1.874660
-0.568341
-2.491377
-5.066206
-9.323088
-0.488092
1.121973
-1.349303
-4.328124
-1.848588
-6.808856
-6.640981
-0.322299
-6.402534
-6.105196
-1.369006
-2.827775
-7.717224
-2.413753
-2.729019
-3.541536
-8.503718
-1.910596
-1.677601
-1.066295
-4.005285
-5.185216
-0.107334
-3.640110
-5.792502
-6.146815
-4.944661
-4.517946
-2.246730
-2.845787
-5.968561
-1.600175
0.082335
-6.400002
-2.228250
-6.855550
-1.138279
-5.725253
-7.739914
-7.321625
-8.258935
-2.187969
-6.976653
-3.502672
-3.538871
-5.520707
-1.887274
2.948548
-2.759124
-2.423383
-4.348445
-2.989912
-5.660849
-2.571209
-3.653425
-7.487974
-4.764759
-0.862465
-4.016670
-2.023833
-0.562415
-6.553826
-2.961833
-2.803748
-1.208955
-3.332703
-5.176505
-4.007559
-6.021160
-0.597793
0.418320
-0.847837
-4.742514
-4.608904
-3.862452
-0.498973
-3.613612
-3.265904
-9.437576
-2.817590
-3.169155
-1.227253
-1.441605
-8.012033
-5.550018
-4.340308
-2.643017
-6.157351
-3.031789
-2.589381
-2.071749
0.638205
0.954721
-2.002671
-1.951333
-8.207163
-6.373566
-4.939369
-2.679411
-1.456935
-4.968699
-1.722145
-2.541402
-5.232233
-1.600811
-4.903769
-5.030041
-5.681972
-4.434620
-2.588860
-2.179245
-4.636085
-0.203579
-1.037481
-4.282417
-5.670796
1.118630
-1.360919
-3.643979
-2.770035
-1.678452
1.307744
-2.160078
-6.010313
-1.961038
-1.750333
-1.128219
-2.246904
-0.570993
-0.235127
-1.129009
-1.890649
-5.341547
-2.161400
-0.094666
-4.571539
2.200733
-3.455732
-1.972786
-1.413921
1.472757
-7.994615
-1.382780
-1.892902
-4.562940
-1.100656
-0.651528
0.191594
-6.134104
0.477501
-2.073550
-0.631848
-7.201309
-2.996526
-3.056445
-2.311779
-2.621559
-0.271043
-7.751339
-0.790999
-1.005835
-4.538320
-1.680101
-7.306763
-5.028551
-4.564364
-6.008049
-1.309625
-0.536860
-1.895483
-4.145054
-1.282646
-1.507468
-8.893909
-7.152331
2.044395
-1.421691
-1.025611
-5.709366
-6.308579
-3.523158
-7.317134
-4.380294
-1.346785
-7.912088
-3.238421
-3.134205
-3.511622
-3.940928
-7.107955
-7.229181
-7.833424
-0.807204
-1.425106
-0.654504
-3.478332
-0.754742
-2.356445
-0.571903
-3.060410
-6.244384
-2.440701
-4.138518
-6.883508
-5.258976
-0.684722
-9.186811
-2.904221
-2.907043
-4.026182
-2.253661
-2.046859
0.243480
-3.697356
-5.852243
-0.927699
-3.268388
-2.227737
-3.639587
-2.646311
-3.124264
-4.334757
-2.852877
-2.287728
-6.801200
-3.013680
-1.833609
-5.461098
-4.159924
-3.899226
-2.983772
-10.389479
-3.785324
-0.891625
-6.335079
-4.786482
-2.983847
-2.602959
-2.688834
-0.235198
-7.581220
-0.202564
-2.926065
-7.198407
-6.246531
-6.177459
0.052436
-6.106289
-0.855568
-5.941609
-2.309244
-7.801599
-5.753402
-6.119433
-2.684831
-1.627364
-3.185210
-3.670698
-4.394101
-2.559952
-2.076125
-4.693968
-2.479384
-0.129170
-3.556261
-6.842041
-8.572268
-1.826560
-2.072469
-7.519645
-4.852829
-1.780240
-7.294328
0.229326
-0.428511
-5.787062
-2.967666
-5.627598
-1.045568
-6.171504
-8.856689
-2.819219
-0.567308
-0.606481
-0.394768
-1.459099
-1.296145
0.175078
-1.598154
-2.796825
-0.938208
1.037211
-6.922265
-5.331164
2.580917
1.334160
-2.967778
-3.848137
-0.795461
-0.903828
-6.656601
-3.362428
-4.641064
-2.408837
-2.693443
-3.463092
-0.365556
-6.231288
-4.791593
-3.604830
-3.419833
-3.327940
-5.166472
-0.564589
-9.008264
0.470080
-4.627887
-0.032795
-6.581229
-5.992178
0.454904
-2.691692
-1.377310
0.133559
-3.061491
-6.751770
-5.004221
-3.605660
-5.871632
-3.490156
-0.684241
-3.436780
-5.852409
-7.838212
-8.641470
-1.646334
-3.116155
-5.423030
-6.161956
-4.349442
-4.505108
-1.242939
-3.941180
-3.130312
0.370211
-3.435448
-5.046064
-4.027371
-2.663133
-4.895830
-6.904144
-5.228572
-5.647582
-1.665995
-4.266880
-2.021207
-6.764763
-3.905021
-1.030177
-5.100348
0.259698
-0.452439
-2.115443
-4.457612
-3.485306
-6.227461
0.444129
-2.841230
-1.855400
-1.144393
-6.875811
-3.342887
-1.487207
-5.637889
-5.503424
-3.005114
-0.754426
-0.390330
-0.751508
-6.481110
-1.757628
-7.083769
-7.097900
-3.018221
-1.956504
-7.416153
-5.684502
-1.542464
-1.725943
-7.268044
-2.268488
-7.031584
-2.640659
-0.703321
-5.247063
-8.350859
-4.222278
-2.509410
-2.513835
-1.175143
-0.711664
-7.185431
-0.809889
-4.757170
-4.375433
0.201712
-3.912267
-8.936998
-3.210818
-1.490152
-2.635871
-8.146580
-2.603265
-4.251701
-4.232809
-1.385664
-2.083031
-6.395477
-5.621329
-6.213001
-5.604574
-2.964246
-2.867681
-1.270382
-5.529898
-5.028533
-4.773125
-1.762406
-1.864636
-5.035916
-1.989460
-2.717592
-1.044398
-2.479713
-1.336817
-0.609606
-1.574878
-1.251764
-6.202524
-6.309246
1.361607
-1.578869
-6.179052
-1.937765
-2.445558
-1.955946
-0.664112
-2.510898
-0.988795
-0.782727
-1.757426
-2.150111
-2.868996
-0.020531
-1.118844
-10.089470
1.297654
-1.739991
-6.111157
-5.620493
-4.082436
-4.433784
-4.762830
-2.757481
-6.573442
-2.064897
-1.057381
-5.143179
-3.729378
-2.076915
-1.404673
-3.326870
-1.290309
-3.562039
-1.045390
-0.302438
-0.457388
-3.506030
-2.158993
-2.745166
-6.548079
-4.846710
-2.906843
-5.449547
-3.685796
-5.244654
0.680941
-1.739523
-5.594803
-4.364976
-1.374022
-3.721769
-5.396349
-0.126319
-1.270645
-5.818057
-0.953386
-1.812604
-3.849720
-1.997496
-0.030074
-0.079085
-3.479102
0.506828
-0.864471
-3.846526
-1.895391
-4.569912
-1.834895
-1.293922
-3.529423
-0.089739
-7.735444
0.067148
-5.542730
-1.613324
-2.233941
-2.457869
-5.897854
-6.914615
-2.621395
-0.777829
-2.694848
-1.642236
-2.378506
-4.631606
-6.948474
-2.645046
-0.737888
-2.774840
1.038670
-4.006131
-4.207757
-8.455612
-1.705447
-4.065552
-0.720690
-1.615949
-10.960892
-6.294786
-5.274634
-0.820985
-3.065728
-1.033952
-7.206189
-5.126572
-0.805078
-0.241996
-1.682785
-5.605897
-4.809187
-2.349185
-8.371656
-0.571805
-7.030553
-0.602617
-3.259614
-3.410107
-6.176599
-0.654801
-3.639535
-2.476301
-0.935580
-1.156834
-5.204830
-2.237085
-3.901413
-2.992369
-6.002480
-1.941954
-3.118633
-0.484256
-4.641174
-5.596022
-7.635701
-1.987213
-0.884465
-4.920304
-8.087930
-0.499743
-1.069698
-2.819476
-3.738496
-1.116745
-5.042315
-1.429079
-0.304178
-4.333705
-4.353037
-3.566199
-6.410479
-3.387698
-7.479546
-7.607594
-5.027339
-1.294367
-3.316061
-7.206324
-1.150810
-0.776538
-3.231867
-6.723505
-2.384859
-2.204415
-1.241840
-8.115078
-2.516760
-4.863472
-4.834776
-0.630302
-1.066539
-5.519641
-4.578510
-0.386557
-2.044017
-2.156775
-6.255803
-0.172744
-1.841491
-3.114845
-7.100574
-7.662323
-1.520577
-2.206386
-0.436218
-3.693841
-0.227271
-2.952766
-0.691356
-6.147287
-5.364267
-3.522389
-5.913874
-2.530305
-4.488722
-6.658978
-1.280313
-1.200302
-7.088559
-5.616380
-4.115845
-7.390781
-0.722329
-5.952505
-1.298384
-1.851941
-5.681030
-2.136817
-3.127765
-3.936031
-0.845329
-4.133041
-6.771037
-7.509163
-4.577632
1.201039
-3.820128
-3.920911
-4.847198
-2.296880
-4.132111
-3.382789
-1.171262
-3.659241
-3.791911
-8.555011
-3.993656
-4.643030
-2.214137
0.655954
-7.872596
-2.194329
-5.557491
-1.203935
-6.138256
-5.889914
-0.697030
-0.643776
-0.163896
0.457850
-2.089782
-1.707441
-0.446309
-2.578690
-7.592888
-2.838551
-0.436739
-5.904306
-8.031288
-1.369009
-7.111672
-3.739233
-1.677131
-3.428788
-1.357318
-2.040643
-1.441942
-5.772284
-4.734150
-5.866268
-1.911958
1.176674
-6.745749
-0.997975
-7.604300
-0.148312
-4.047150
-5.166340
-4.161336
-1.939028
-6.176569
-3.589283
-0.674622
-0.885448
-2.359411
-6.955436
-6.578818
-3.467597
-1.484265
-1.067248
-4.535097
-0.493577
-2.701515
-2.884321
-4.660975
-7.158577
-3.531298
-1.328866
-5.521681
-0.400115
-1.404323
-5.476266
-0.442842
-1.824281
-2.557014
-1.771920
-4.150423
-6.979924
-7.557028
-4.729410
-1.796111
-4.135399
-7.846002
-1.485545
-2.918331
-1.948805
-1.263987
-8.220396
-0.109316
-2.831966
-3.155563
-4.160305
-3.381238
-6.788370
-2.370201
-3.669584
-0.806499
-3.508765
0.106349
-0.482248
-0.994669
-1.606035
0.610928
-8.872448
-4.786878
-4.869071
-1.177292
-0.920291
-1.116196
-5.429446
-4.844248
-3.277978
-0.487844
-0.970710
-1.286643
-3.292379
-7.441838
-2.091266
-2.353257
-1.325025
-1.065355
-4.704896
-2.582554
1.143998
-3.587393
-1.734358
-9.054012
-1.923150
-1.127452
-0.478048
-0.246852
-4.475342
-6.590882
-2.218964
-0.223369
-5.422297
-7.394063
-3.523062
-2.975914
-2.108523
-1.422159
0.965641
-6.667760
-1.133467
-3.433255
-3.424117
-3.137664
-6.343855
-2.277081
-1.423892
-4.694541
-0.724448
-5.227834
-1.125466
-1.940331
-1.158498
-1.456147
-5.377228
-7.267951
-3.278925
-3.203964
-1.543622
-5.617861
-4.283684
-3.323021
-1.623741
-3.943796
-4.230783
-2.795608
-2.742766
-0.003949
-0.570051
-0.252201
-1.837737
-3.124744
-2.148108
-2.828186
1.362261
-1.977831
-3.605680
-5.462000
-6.631605
-3.678688
-1.572391
-1.901513
-3.876704
-1.999708
-1.394434
2.043901
-4.438008
0.777797
-2.940670
-0.052574
-2.369145
-8.296628
-0.981060
-1.719480
-3.643238
-3.516644
-6.112138
2.092852
-2.746423
-1.395269
-3.678539
-6.768823
-1.479043
-1.452919
-4.329434
-2.699450
-6.446511
-6.111396
-0.706998
-2.938463
-5.149121
-4.938184
-3.582989
-4.541735
-2.170062
-0.045119
-3.718048
-4.060819
-3.181935
-8.187579
-4.672534
-5.262445
-2.699064
-4.741318
-2.652122
-6.233062
-0.811111
-1.422895
-0.302484
-8.043832
-4.042245
-5.148111
-0.579651
-1.907826
-7.776816
-5.117214
-2.210571
-7.121994
-4.376406
-6.176617
-9.099918
-5.916796
-5.038027
-3.730665
-2.865333
-1.761922
-0.209159
0.124076
-1.953566
-9.220319
-6.164942
-2.306954
-6.181448
-6.644923
-0.150313
-4.230672
-6.624711
-3.273514
-2.213249
-0.941525
-3.884772
-3.865103
-3.210707
-0.932168
-6.398890
-0.922666
-0.971428
-5.160401
-1.101016
-6.631073
-3.913547
-5.600397
-0.427145
-1.963986
-1.276255
-3.841213
-1.415848
-3.483337
-3.776651
-1.038542
-8.738069
-1.757215
-4.176567
-4.436193
-2.610795
-4.400492
-5.885983
0.996155
1.970345
-0.551822
-2.948244
-1.714924
-1.375769
-1.056143
-3.966859
-3.409981
-2.653996
-2.439647
-1.106432
-1.424747
-3.361596
-2.012665
-0.989110
-3.146517
-8.106730
-1.891313
-1.357097
-5.807476
-3.180610
-7.218595
-6.033989
-3.147030
-3.189343
-2.363849
-3.928498
-5.585608
-1.330992
-1.474079
-4.550168
-5.116434
-1.400046
-1.566412
1.243958
-2.958858
-2.817645
-4.303227
0.023484
-3.212693
-5.846250
-7.796237
-4.198861
-3.100398
-3.494557
-2.207137
-6.570910
-3.283523
-0.423777
-1.688312
-6.274845
-3.757938
-1.293071
-2.696871
-2.414236
-4.302368
-4.264774
-6.161991
0.875193
-6.815753
-4.914630
-4.625409
-2.258593
-3.593852
-3.594520
-3.553217
-6.653823
0.571072
-6.952792
-8.297943
-1.258002
-5.841389
-7.837631
0.002400
-3.144049
-3.519799
-1.131423
-3.804330
-2.228449
-2.021242
-3.873134
-7.624488
-2.041147
-7.584862
-0.728283
-5.868299
-4.728871
-1.849303
-5.614290
-2.593352
0.289935
-1.171688
-0.601888
-4.304639
-0.951943
-7.625652
-3.153859
-6.189605
-4.218176
-4.530916
-1.009017
-0.740792
-4.414895
-1.004714
-1.168350
-0.487490
-2.580351
0.610831
-6.072293
-4.012872
-6.617524
-0.330268
-1.486918
-6.649476
-5.523233
1.722512
-9.561218
-1.909078
-4.829213
-5.119403
-1.298119
-0.324885
-0.849205
-3.419650
-2.930754
-2.779778
-2.112298
-2.342017
-0.096376
-4.551708
-1.424590
-0.348041
-3.635620
-1.193985
-1.257535
0.238750
-1.914783
-2.945611
-3.478632
-4.068804
-1.882671
-5.959930
-2.593089
-3.954437
-5.215858
-3.136586
-7.570629
-5.015745
-2.304777
-3.835189
-2.369787
-7.804859
-0.969779
-4.866149
-7.708104
-1.402010
-7.664523
-5.187132
1.430745
-7.173380
-5.280205
-7.319510
-8.027131
-3.210254
-4.926783
-5.828897
-1.065413
-3.155621
-5.974994
-7.135037
-3.052901
-0.159093
-4.025542
-0.875789
-4.093142
-4.951332
-4.771267
-4.767579
1.091052
-3.213550
-3.041642
-0.353124
-5.152253
-1.824183
-7.572426
-8.174650
-5.673907
0.144180
-7.807313
-2.869737
-4.104060
-3.936112
-6.613976
-4.826568
-4.160012
-2.889628
-4.806683
-1.476206
-1.811205
-2.934253
-2.349830
-2.961651
-3.559761
-7.173911
-1.158569
-1.005769
-3.562361
-3.634356
-3.772898
0.289560
-3.704378
-4.714456
-5.199622
-2.978318
1.578427
-3.088549
-1.357984
-1.066740
-1.464995
-4.857746
-3.313237
-2.611516
-6.540471
-2.869411
-2.168775
-2.872931
-5.211053
-0.841177
-2.175729
-4.809068
-0.759843
-1.110970
-5.685667
-0.257490
-3.257875
-6.048371
-5.187472
0.816995
-7.020202
-1.158594
-2.525040
-6.157773
-0.719949
-1.198173
0.140126
-0.890676
-1.387230
-5.087446
-2.467356
-1.921607
-5.785921
-3.025186
-3.407248
-4.562148
-6.116145
-3.610537
-2.145720
-4.992602
-2.558357
-1.586869
-6.989813
-1.882206
-2.123699
-2.726216
-4.211726
-2.809217
-1.289575
-6.230296
0.124528
-0.949388
-0.568815
-4.639590
-1.319950
-0.189445
-1.141957
-0.607180
-2.263981
-2.308435
-5.073679
-10.973936
-1.527318
-3.968213
-2.079407
-0.635540
-4.803935
-6.759621
-4.862168
-5.952523
-5.851427
-2.778317
-3.951909
-3.177067
-1.725735
-3.563595
-3.735441
-0.802221
-4.364645
-7.529942
-6.217842
-2.545828
-2.159410
-1.328867
-0.851085
-6.652087
-1.541510
-1.720418
-3.104955
-1.860669
-4.994138
1.111634
-3.893459
-6.964176
-7.893728
-3.645320
-7.402253
-0.339269
-6.219076
-3.963795
-4.001989
-1.603991
-3.840387
-4.069343
-5.789418
-6.861421
-0.839897
-2.711771
-4.845102
-0.161431
-1.483572
-8.163759
-3.275197
-6.188977
0.404331
-1.716113
-1.011971
-2.927668
-0.750015
-1.538215
-7.142627
-2.198940
-0.091371
-1.234702
-1.554692
-1.954995
-4.814353
-5.012548
-1.094953
-7.132891
-2.546878
-6.748002
-3.399009
-3.057187
-3.948717
-2.736561
-1.131215
-4.051052
-3.371079
-5.656075
-1.986747
-1.728573
-1.545132
-5.953238
-1.687170
-2.562330
-4.185249
-0.048655
-1.947388
-1.093566
-2.334624
-2.284213
-2.242604
-3.493021
-4.748655
-3.931933
-3.418026
0.376774
-2.311512
-4.948865
-1.083777
-4.826407
-1.920148
-8.312444
-6.890093
1.957639
-5.449875
-1.923820
-0.134050
-1.709572
-0.986159
0.799762
-7.894567
-4.338763
-0.140428
-3.006947
-3.313576
-6.576365
-1.917443
-6.832868
-5.466536
-1.545703
-3.768981
-0.509479
-1.562340
-5.538077
-3.876389
-6.435897
-0.806311
-1.524178
-1.807388
-5.356511
-6.716357
-4.751064
-5.575110
-2.079392
-8.081744
-4.794751
-1.803208
-0.374224
-0.555346
-4.161614
-2.535038
-7.856038
-2.216785
-2.665691
-6.897488
-6.224106
-2.383767
-3.413518
-5.480593
-2.752781
-3.835925
-3.760050
-0.048867
-3.492925
0.003081
-3.925745
-6.077239
-6.278901
-1.847984
-3.798913
-8.186030
-4.064293
-0.465211
-0.006724
-0.873682
-5.982904
-3.683907
-3.636629
-5.132043
-3.806388
-1.293217
-6.938753
-3.678292
-2.116963
-2.285725
-7.915593
-3.794236
-7.699860
-4.951665
-6.276102
-3.910825
-2.961851
-0.412451
-5.175913
-4.351799
-5.885064
-3.991056
-7.991632
-5.062711
-2.854878
-4.612395
-5.416959
-1.133541
-2.160490
-2.776531
-6.743951
-0.720806
-1.765746
-3.735452
-5.737109
-0.171753
-5.101147
-1.265503
-2.165094
-3.421079
-3.500591
-4.060103
-1.653503
-2.328403
-7.085469
-3.338923
-2.310195
-3.074322
-3.048563
-0.567754
-6.008087
-2.888578
-2.042414
-0.375074
-3.939044
-2.586680
-6.750010
-5.262381
-3.315247
-4.753506
-4.420095
-4.580698
-2.480592
-2.479542
0.535765
-8.154518
-1.413893
-2.538437
-7.244510
-1.853238
-0.747583
-2.577668
-7.276575
-2.209244
-3.317759
-4.247303
-2.592103
-2.157006
-3.080609
-3.330454
-0.882499
-5.378439
-6.353292
-0.990108
-1.146832
-3.843674
-6.687484
-5.781167
-2.024313
-4.431411
-3.118520
-4.219105
-1.528355
-1.818179
-7.333498
-4.667605
-8.638848
-6.434074
-1.681351
-1.840942
-1.291905
-3.070517
-6.922814
-3.826924
-4.562791
-1.279131
-0.574269
-4.014749
-4.187066
-1.462941
-1.098330
-4.270647
-1.482702
-7.866561
-4.299745
-3.754936
-2.150917
-1.621180
-3.145095
-2.032490
-7.292571
-1.429138
-6.142406
-2.957495
-1.462019
-10.305200
-4.892359
-3.516011
-2.829689
-5.134021
-14.195957
-2.772127
-2.684937
0.226016
-2.928548
-3.585208
-5.452579
-6.852842
-4.578764
-3.622447
-4.039536
-1.206331
-4.117532
-2.868936
-2.427150
-5.318989
-1.094253
-5.837040
-1.408603
-4.306073
-0.961539
-4.371646
-1.150210
-2.070548
-4.741893
-1.808541
-7.963862
-3.448642
-6.436314
1.317798
-6.700513
-5.462443
-3.265117
-0.554619
-2.297194
-6.735918
-5.564662
-1.442219
-3.408919
-7.198507
-6.322041
-2.062156
-5.570455
-2.900028
-3.057846
-4.287570
0.180294
-2.542172
-4.463303
-1.529500
-1.702600
-4.565547
-1.432751
-3.783441
-2.330373
-1.788235
-2.437168
-2.206542
-6.864323
-2.827512
-0.401735
-1.896623
-0.029779
-3.983012
-7.583560
-3.976137
-5.372958
-0.750218
-2.937462
-3.193270
-1.603131
-2.960615
-0.184710
-1.572250
-3.494338
-2.573243
-1.208543
-2.002319
-5.744659
-1.260921
-4.152296
-1.971689
-2.741323
-2.249849
-3.794893
-8.190479
-5.311748
-2.654132
-6.444243
-0.383722
-0.426923
-6.979978
-6.606149
-5.350087
-2.790153
-3.882342
-2.632887
-0.352902
-6.391077
-0.575044
-3.387909
-1.593951
0.128225
-2.546692
-4.026870
-4.054049
-3.892925
-3.602316
-2.812906
-2.849867
-3.052473
-8.233497
-7.249863
-4.923743
-5.718187
-3.267398
-1.505847
-2.589061
-2.657001
-2.482761
-2.221778
-2.136342
-3.248605
-2.640548
-2.882352
-1.736665
-4.551259
-3.267297
-1.516333
-7.336999
-7.286542
-4.549040
-3.355680
-8.163569
-5.907175
-7.866635
-4.069393
-1.885828
-3.711757
-1.401185
-2.008853
-7.936962
-1.897835
-3.593546
-1.768552
-2.034706
-2.299959
-4.159729
-2.860687
-1.661377
-2.853885
0.693715
-1.710237
-5.138863
-2.307509
-4.779515
-4.221862
-4.624801
-2.558782
0.656140
0.345810
0.858295
-5.034949
-3.566862
-5.545346
-8.091271
-1.281222
-3.514868
-2.424732
-6.194765
-7.616760
-2.892040
-3.184218
-3.555837
-8.231506
-6.984344
-2.262267
-6.849631
-4.467934
-2.920349
-6.093431
-4.010089
-2.209837
-2.754814
-3.625683
-3.560403
-1.006292
-8.379904
-3.051771
-8.011073
0.279384
-5.786766
-5.191558
-6.813752
-6.627933
-2.246440
-2.037936
-2.377050
-2.638463
-1.583845
-3.485364
-3.265344
-4.233267
-4.493120
-8.747908
-3.649692
-5.460382
-1.101547
-1.571141
-7.554330
-1.944558
-4.455401
-9.238896
-0.083023
-3.962364
-3.504644
-3.095463
-1.387328
-8.350956
-2.135912
-1.824376
-3.674545
-3.280515
-1.836664
-2.576819
-1.810493
-1.907427
-2.963514
-3.877967
-3.180139
-7.317885
-5.535672
-7.754772
-4.616735
-0.501193
-4.103928
-1.402400
-1.554170
-2.279011
0.651920
-3.017040
-1.496943
-1.511450
-5.296959
-7.251125
-3.558884
-7.174581
-4.105222
-4.332325
-3.570472
-2.488031
-0.408072
-2.536822
-7.736023
-6.221377
-2.504273
-3.412908
-3.858515
-3.496955
-5.314013
-8.836774
-7.489649
-2.276345
-3.008939
-1.361724
-4.676117
-7.252375
-9.772782
-0.625827
-6.684930
-2.152689
-2.358155
-2.749080
-1.792284
-1.662729
0.109772
-7.094340
-9.327018
-5.480816
-2.027910
-1.653494
-5.220848
-7.011716
-0.997793
-4.516708
-3.757828
-2.187878
-4.864758
-3.131652
-2.478071
-2.188318
-2.475514
-2.687262
-3.135084
-8.247033
-8.387296
-0.978690
-2.073049
-0.481786
-4.036275
-0.085393
-3.993554
-8.209660
-1.095277
-7.796713
-2.258362
0.481306
-1.226519
-2.069390
-4.512794
-7.947184
-8.899934
-8.648644
-7.858725
-0.892975
-4.736641
-4.662529
-1.769279
-2.130217
-3.809558
-5.733111
-1.309162
-4.682934
-0.878110
-1.807906
-2.597727
