8
1 500 1000 200 42 777 13 99
0.532254
6.476034
3.112997
-3.341530
-3.189984
-4.122545
-3.398364
2.273463
-2.374020
-0.749079
-3.668173
-3.980761
5.997178
5.014629
4.916720
-0.943213
-1.358160
-2.080644
-1.495465
-2.102116
-3.459902
-1.501828
-1.269015
-2.581028
-3.684675
-1.599324
1.718959
2.656708
-4.260356
-3.901620
-3.801322
3.384302
-4.160855
-0.642911
-4.053477
-3.886159
-4.677526
-3.814563
-4.143672
-2.586007
-2.030237
-1.906782
-0.774508
-3.160353
-1.145918
-3.944747
-2.167199
-0.627497
-3.605623
-2.782899
-2.010068
-2.298922
-0.904380
-3.377597
-3.799752
-3.193447
-4.211055
-0.717439
-5.003437
-3.805193
-2.869071
-2.743087
-4.088792
-3.660721
-2.480984
-2.216930
1.316107
0.541250
-0.971265
0.996320
0.925140
0.597008
-0.998882
-0.292620
0.233502
2.153127
-2.963862
-0.031859
0.828065
0.200123
-3.379502
-3.584852
-0.364743
3.545361
-1.183050
0.866493
-2.160334
-2.634015
-2.038495
1.982477
0.944684
-4.327525
-3.645307
-4.757894
-4.198934
-4.175428
-3.815252
-4.196681
-4.666070
-4.305291
-0.964791
-3.884461
-4.632276
-1.304790
-3.985605
-3.726742
-3.330793
-3.914316
-3.865088
-4.127810
-3.572555
-4.211030
-4.233489
-3.994733
-4.420203
-3.786757
-4.124388
-4.011329
-4.058823
-3.540753
-3.781208
-3.872381
-4.047412
-4.405262
-4.226415
-3.993367
-3.895390
-2.859519
-2.205317
-4.110044
-3.858105
-3.662879
-4.110044
-4.370752
-3.712285
-4.061225
-3.956491
-4.176697
-3.689494
-3.784051
-3.487989
-4.538177
-3.878119
-4.115250
-4.081125
-3.907630
-4.102645
-4.792213
-4.045714
-4.812203
-4.336859
-3.863017
-4.515444
-3.543211
-3.867520
-3.752286
-4.084302
-3.717526
-3.817584
-3.962482
-4.184622
-3.902712
-3.788970
-3.556190
-4.047189
-4.501886
-4.162880
-4.329679
-4.105406
-3.806282
-4.652062
-4.615738
-3.874653
-4.242996
-4.038770
-4.200311
-3.978420
-4.075816
-3.948384
-4.274258
-4.051840
-4.407080
-4.134819
-3.755725
-4.227403
-4.409287
-3.768173
-3.865599
-3.906911
-4.663110
-4.315121
-3.914579
-4.156859
-4.227631
-3.884985
-4.244036
-4.129473
-3.459602
-3.337869
0.922196
-3.711677
-4.149878
-3.760466
-3.648526
-3.848072
-3.921952
-4.000533
-3.821731
-3.915007
-3.927164
-3.985466
-3.973917
-4.071187
-4.140496
-4.222950
-4.120470
-4.183047
-4.176917
-3.978874
-4.147277
-3.647652
1.882908
-3.838767
-4.216889
-3.233531
-4.152478
-4.160279
-4.209233
-4.212690
-4.000907
-3.798934
-3.537729
-4.107538
-3.369247
-3.152755
-3.809033
-4.031519
-4.043394
-4.157679
-4.452815
-3.903983
-3.693944
-3.576711
-2.311826
-4.395125
-3.985827
-4.186825
-3.257930
-4.271211
-4.082069
-3.829222
-4.345440
-4.390815
-4.361293
-4.067084
-2.972076
-3.296979
0.078278
-2.782185
-0.121500
-0.635804
-4.029822
0.766658
-0.280635
4.874957
5.527800
1.932421
-0.460043
-0.995471
-2.252338
-3.515626
-3.946647
-2.633604
1.673997
-0.946465
-0.335130
-1.326147
-2.310794
4.878995
-0.533471
-0.122722
-1.039798
-1.833727
-0.387204
2.088072
-0.506512
0.722854
-3.544431
0.899289
7.302110
-3.526798
-2.323296
0.465123
-3.116977
-0.387592
-4.317768
-0.564065
-0.992254
-0.153703
-0.517104
-1.755861
-2.494286
0.499045
-0.439839
1.401569
0.611136
-2.317594
-3.441773
0.742807
2.246203
-4.883630
-2.648533
-2.050406
0.538181
-0.417106
2.104161
-0.031372
5.407507
-3.026204
-1.715440
0.412897
-0.738088
-3.648129
-1.116697
-2.831838
0.079292
-3.086655
1.146408
-1.783252
-0.369572
-1.158282
-0.073159
-0.164296
-0.728206
-1.258334
-2.806699
-1.721074
2.044586
0.445815
-4.889850
-2.887088
-3.175733
-4.688963
0.499656
3.864844
-5.191103
2.674678
-0.137308
6.102883
-3.314051
-1.365451
4.105499
-1.192116
-2.724812
3.615770
-2.667691
-0.515803
-0.385176
-1.325835
2.102982
-0.807339
3.984157
-2.141675
-2.612565
-1.676173
-2.088036
-1.216687
-2.393416
-0.011955
0.962762
3.610979
0.327383
-1.366687
2.801348
-0.011575
2.561859
-1.677969
-4.103289
-3.956456
-3.877242
-4.132198
-4.371337
0.438174
-2.844430
-2.759777
2.558851
-2.387640
-2.374558
-3.984749
-5.729562
-0.451604
-0.794062
-1.693422
1.380900
-1.087926
0.427493
3.034551
0.755043
-1.194062
0.536454
0.449434
-2.798869
-3.700408
3.244071
-1.477958
-1.658939
0.479675
-1.568343
-2.073822
-6.105747
-3.251442
-2.422538
-0.073362
0.792903
-0.767715
-2.681031
4.062999
-6.427320
0.124943
1.941235
-0.969440
-1.515043
1.606172
2.981621
-3.293226
0.009694
3.721823
-2.619180
-2.698778
2.654294
-0.281406
-1.713091
-4.232516
-0.293064
-1.628717
-1.605371
-2.016507
0.373262
6.953049
-0.842909
-2.061978
4.124359
-0.618989
2.812789
-1.556672
-2.819141
-2.207856
-2.224746
-4.504277
-2.877707
3.888116
-0.779766
-2.039222
-2.049012
2.174437
1.378392
2.049569
-5.528956
-1.324222
-4.752157
-1.912935
-1.472720
-2.455712
-1.520007
-1.686466
-0.049761
-1.823491
-3.345333
-0.405621
-3.222579
-0.877392
-4.004146
-2.645917
-2.963341
-1.573858
-0.004301
-3.588021
-0.756138
-2.617116
-1.622646
1.938587
5.511912
-1.137636
-0.794255
0.756801
3.328438
-2.621735
1.799747
-3.861271
-1.222730
-1.216565
4.440470
-1.280452
-4.477730
3.180379
-2.843334
-3.021912
-1.948508
-1.319679
-1.319986
-2.116561
0.643950
-1.815647
0.166345
-0.621247
1.683680
1.284207
1.011982
-2.030615
-2.550132
-1.499494
1.280774
-2.144037
-1.044070
-3.732961
-1.005218
-0.921679
0.387781
-2.970453
-0.311929
2.819505
-6.571104
-3.437902
-3.171459
1.618392
4.549022
-0.772622
-2.421966
-0.964656
2.248520
-3.139031
2.614739
-0.985095
-2.845490
-3.489736
-1.010213
-2.847626
-3.694208
-3.945221
-1.957576
-0.733497
1.836004
-1.841159
2.128954
-2.713270
-1.428459
1.216843
-0.448939
-2.923856
-1.506912
-4.255761
-1.025182
1.254823
-2.667487
-1.641157
0.614396
-0.784472
5.166444
0.161991
-2.564640
-0.355889
4.523139
-3.018165
-3.335827
-4.143771
2.611972
2.122279
2.215194
-0.817538
-1.014198
0.173819
-0.805851
0.091877
-2.125531
-3.293957
-2.260724
-4.402506
-2.862503
-3.619353
3.412586
3.174652
-3.570769
1.614388
-1.669037
0.666414
-2.760870
3.982247
-2.120322
-0.746459
1.283482
0.981116
0.908236
-0.986495
1.369785
-5.480289
-4.085210
-0.372551
1.149078
1.426771
1.975245
-5.315098
-3.539084
-0.282095
-3.842407
-3.090797
-2.033553
-1.490003
-2.651115
-5.838360
-2.419268
-0.248616
2.364763
-1.093189
-2.008800
0.098079
-2.222463
-1.356851
-2.547643
-0.362828
-2.029007
0.013510
0.642424
-1.911052
-2.303732
-5.330816
-2.481401
-3.146957
-3.561806
-0.683821
-1.825326
-0.093347
-3.613750
2.788000
0.602061
-1.846012
1.101341
-1.208982
-5.007319
-2.645382
-2.857968
-3.719089
-0.966745
2.371888
0.834550
-4.837791
-1.104335
2.078758
0.809097
-0.281309
0.428620
-0.772382
-1.983387
1.066073
-1.077509
-1.140713
3.228471
-2.021806
-3.114244
-1.658282
3.263781
-2.295243
-3.015171
-2.597613
2.140170
-1.805059
-3.454347
-0.355375
-1.256523
-0.347841
0.072757
1.102741
-2.674635
-1.177181
1.154423
1.504988
-0.083385
-3.507994
-0.753357
-0.036006
2.255083
-4.118930
-2.966885
-1.040192
0.048648
-3.560236
-1.335117
1.643353
-5.091779
-3.566699
-1.770738
-1.368429
-1.771388
1.973254
-0.585426
0.697589
-3.588553
-0.448754
-1.066517
0.201890
-2.444530
-0.257603
1.161721
-4.169900
-1.632650
2.094112
-3.763048
-1.841331
-2.563030
-1.536144
0.022217
-4.528944
0.038581
0.540287
-1.394324
-3.822682
-1.129820
-1.801227
-1.910918
-0.956757
-2.188571
-4.081125
-0.073276
0.650508
-0.654099
1.575469
-0.979297
-1.998296
0.533597
-3.381561
0.725040
-3.748699
-1.304100
-3.343816
-0.563583
-0.031714
-0.123497
-5.155254
-3.083217
3.510145
0.356887
-2.733722
-4.932487
3.138497
-3.261376
-0.637246
4.802605
-1.013644
-2.057250
-0.735046
1.614637
-2.943713
-1.853798
1.502206
0.588246
-3.373478
-4.327546
0.234327
-0.963791
1.136303
-0.739821
-1.786522
-2.228095
-2.415422
-3.664832
-2.468892
-1.695906
-1.610377
0.353456
-3.020343
-3.054976
-0.313652
-1.427913
-1.605668
1.265044
2.356870
0.084408
-4.002698
2.814204
-2.267491
1.117837
-1.770135
-1.327264
-2.229600
-2.792347
-1.896153
0.370265
-1.087112
0.319317
-4.248073
-5.671167
-3.731313
-4.519426
-2.113402
3.145801
-4.027548
-2.797530
-2.310328
5.471726
-4.862416
-0.698946
-2.638647
-2.269299
-4.711363
-2.835142
-3.843832
-0.943817
-1.996684
-1.866699
-2.102967
-3.813995
-2.602554
-0.849119
-3.162686
1.824774
2.203601
-3.767720
-3.196426
-4.637159
-3.563963
-2.267347
-0.086315
1.873546
-3.031462
-1.240763
-1.228359
-0.258841
-1.425489
1.634536
-3.004450
0.423053
-1.188702
1.044464
-2.756122
-2.093491
-2.634789
-2.269454
-0.433413
-2.536160
-3.426606
-0.524556
-0.599715
-1.954537
0.265645
-4.597843
-1.491503
0.921713
-1.636211
1.156534
-0.559925
-0.146555
-3.201396
-0.750255
0.497665
1.938833
-3.658372
-0.265335
-6.398448
-1.661905
-4.044481
-1.403735
-3.436172
-0.870890
0.362797
-3.208702
-0.009103
3.834445
-3.186708
0.125127
-1.877671
-0.835564
-3.494316
-3.441144
-2.772078
-3.362089
-0.097914
-0.222510
-2.652537
-4.100546
1.436721
-0.238256
-2.574503
-0.819372
-1.523743
0.105370
-0.547660
-3.891055
-0.624598
-0.446285
-2.818882
-0.336789
-3.409202
-4.970539
-2.258773
-1.914981
-7.814777
-0.140803
-6.076841
0.592190
-1.641259
-1.228835
0.143002
0.399862
-1.329275
-2.366186
4.627060
-2.437151
-0.946720
-3.062480
-2.016110
-3.967138
-0.958160
-3.050730
-7.105217
0.425595
-0.786793
-3.621070
-0.091025
-0.328939
-0.729313
-1.540591
-1.744326
-1.088131
-0.662380
-1.186993
-3.150928
-1.880558
-4.430258
-3.673925
-4.134491
-1.988922
-1.458282
0.314654
-4.696038
-1.210523
-1.516600
-1.379360
-2.148206
-3.694367
-0.313810
-2.623357
-1.687647
-3.229712
0.238676
-1.288560
-2.826428
0.773678
-2.745401
2.543182
-3.380620
0.181902
-3.310229
-1.415655
1.498006
-3.294943
-3.049223
-3.038015
-4.516673
-1.281216
-2.446392
-1.224284
-3.738439
-3.235251
0.101782
-1.103614
-3.996310
-0.201354
-0.076615
-4.172674
-4.008379
-4.645007
-0.834027
1.040941
-1.445573
-1.932682
3.796528
-2.511759
-1.339090
-1.640659
-1.874982
-2.505898
-3.779836
-4.239661
-0.978080
-2.437679
5.185209
-1.040932
1.043234
-3.996673
-3.314385
-5.168197
-1.706885
-2.915210
-4.100347
-1.951409
-1.619493
-3.287601
-2.017141
-0.185537
-2.958700
1.485589
-1.610736
-1.436430
-2.220892
-2.679191
-4.782469
-4.175032
-0.042048
-3.062008
-2.424458
-2.180819
-3.100680
0.230688
-1.975453
-3.051062
-0.354990
-2.034048
-3.404142
0.030085
-1.576108
1.797251
-0.379983
-1.757809
-3.426500
-1.220438
-0.792879
-3.344472
1.815555
-0.618377
-2.039518
-2.101794
-2.765423
0.315985
-0.528003
-4.746247
0.331269
3.098342
-0.157350
-3.759347
-4.891028
-2.342647
-1.384650
-2.651550
-2.721119
-1.126558
-3.751472
-0.936231
-5.249906
-1.577681
-4.449205
-0.716795
-1.560045
-3.847613
-1.727089
0.585987
1.319125
-1.753016
1.759252
-2.875225
-2.507107
-2.881626
-3.844982
-1.675099
-3.704879
1.432897
-0.908288
-3.205192
-1.804607
-5.198177
0.378370
-0.974409
-2.319629
-0.960470
-3.907853
-1.882629
-1.326298
-0.609814
-2.946051
-3.488905
-1.718760
-5.080381
-3.802501
-1.589738
-2.471917
-3.020191
-1.541289
-2.961620
-2.440127
-1.596977
-4.449759
0.057759
-0.024460
-1.446903
-3.470845
-3.616117
-3.218997
-3.386074
-2.282417
0.309447
2.228291
-4.007920
2.792488
-1.667790
-3.029581
-3.063370
-1.221197
-1.754491
1.522746
-1.317120
-2.554220
-4.302540
-2.503095
-1.954569
0.361526
1.120744
0.571257
-1.572929
3.405739
-0.992896
-1.672614
-4.385052
-2.804924
1.817397
-3.142057
-0.172244
-3.694735
-2.847546
-1.229103
-1.460999
-3.648310
-3.677417
0.872690
-1.263228
0.482650
1.097179
-1.398140
-3.939308
-1.791135
0.239678
-2.914623
-1.388915
-1.796445
-0.275405
1.790365
-2.525448
-1.525626
-1.729438
-2.092128
-0.830976
2.163636
-1.970041
-1.208872
-3.581232
-0.826760
-1.217412
-2.406686
3.882228
-2.384547
-1.414184
-0.390616
-4.955801
-1.494639
0.225193
1.351461
-1.287043
-1.785307
-5.622338
-1.213223
1.678196
-1.047573
-3.529459
-0.334810
-4.242412
-2.369914
-0.588004
-2.688870
-1.145756
-1.824707
-2.933667
-1.955812
-1.464948
0.621161
-2.667704
-2.549938
-6.036227
2.208466
-2.188702
-3.644883
1.869316
-1.871550
-4.654706
-2.933661
-1.033721
-2.045222
0.319562
3.658380
-0.626275
-1.150604
-1.031917
-3.098772
-3.346389
-5.233660
-2.275465
-0.617950
-3.942648
-2.150727
-2.850384
-5.420789
-0.660390
-0.657483
-3.834803
-4.654537
-2.213965
-2.690274
-3.490680
-4.313689
1.498995
-2.394236
2.731963
-0.822176
-5.338366
-2.702732
-1.631032
0.579189
1.243457
-2.574595
-2.915089
-4.548176
-5.929145
2.430056
-3.831636
-0.460957
-2.172156
-5.688288
-2.060621
0.134609
-3.286350
-2.565572
-1.380956
-3.870975
-2.021748
-2.777481
-3.001741
-1.842353
-4.347165
-1.315236
-4.989507
-2.019963
-1.655573
4.306026
-5.010589
-3.092138
-3.226083
-3.058468
-2.343707
-3.389091
-3.383078
-0.867137
-2.267286
-2.869869
-2.435244
-3.237877
-2.064769
-1.801172
-3.684235
-0.909634
3.979773
-0.969947
-1.401622
1.378517
-0.603514
-1.428643
-2.224179
-0.258842
-1.205677
-2.880358
1.600204
-0.190849
-2.383318
1.926519
-4.169667
-1.042836
0.170459
-2.004033
-5.332892
-4.709686
-3.542004
-1.824606
-3.747192
5.254572
-2.848245
-0.476379
-2.876405
0.520457
2.833591
0.596697
-1.559857
-4.103393
-1.722948
0.338809
-3.451139
-2.835257
1.385703
0.609732
-1.106716
-2.560191
-0.487189
-5.275735
1.889600
-5.491285
-3.791938
-1.791595
-1.634770
-1.272894
-1.515070
-3.844665
-2.391486
-1.169651
-1.878329
-1.283991
-4.179110
-5.575247
-0.256557
-3.454502
-1.188128
-3.231264
-4.940344
0.692197
-0.164089
-0.723792
-1.527620
1.040698
-1.175342
-4.708336
-0.421856
1.311125
0.378774
0.027846
-2.698785
-2.222632
-1.527183
-1.375573
-3.624415
2.893084
-2.609823
4.049605
-4.534620
-3.505729
-1.353888
-2.781170
-2.615106
1.943238
-1.207510
-2.230616
3.872292
-2.629165
1.465952
0.153132
-2.491656
-4.544641
-0.925955
-0.134944
-1.165700
-3.548672
-0.967910
-2.064685
0.417833
0.027478
1.881702
-2.564284
-5.216490
0.779576
-3.529342
-1.840002
-4.226585
-4.021961
-2.521144
-2.095564
-2.632338
0.045170
-4.555873
3.454899
-2.748679
-5.032245
1.603090
-1.072375
-5.197451
-3.618052
-3.585646
-4.907070
-2.297587
-1.330835
-4.651441
-4.652668
0.376768
-3.461754
-3.167936
-1.026083
-1.411045
-4.507860
-3.597265
-3.638744
-1.252885
-0.449369
-3.020873
-4.933352
-1.657338
1.582936
0.395090
-4.108867
-0.999508
-1.439362
-2.170690
-3.970453
-0.448899
-1.711081
-3.744300
-3.659035
0.816860
-1.779928
-2.174512
3.296598
-1.064218
-2.558720
-1.066317
-0.482922
-2.715120
0.283795
-4.585155
-1.061884
1.050058
-0.875467
-3.063402
-2.707181
-0.301043
-3.620667
6.147906
-1.190233
-3.960058
0.739364
-4.373040
-5.146629
-2.150189
-4.186279
1.390457
-3.296723
1.361178
-1.111973
-0.363752
-5.406297
-2.491533
1.434547
-4.935722
0.413418
-1.143916
0.366131
-4.958406
-6.388283
-2.468060
-2.648335
1.594481
1.618069
-0.350553
-4.156862
3.450039
-3.523877
-2.585546
-3.285586
-1.120711
-0.874535
-1.418440
-0.648118
0.785549
-0.713826
4.815311
-5.059662
0.134904
-4.061395
-4.452956
-0.082619
0.770124
-3.094954
-1.804179
-1.513682
-3.848831
-2.390857
-4.001116
-1.932318
-1.593524
-2.920636
-0.164552
-1.283501
0.360855
-1.368841
-0.082125
-1.210320
-2.266986
-2.128174
-4.684940
-3.344665
-1.738155
-3.307411
-3.560831
-1.794254
-4.183149
0.066890
-3.791897
0.307377
-2.766528
3.153053
0.999718
-0.779789
-2.860752
1.314119
-3.100255
-2.315056
-0.832498
-3.888661
-0.437853
-4.596809
-3.675542
-1.262161
-2.365990
-2.478407
-0.753207
-1.602472
-1.099983
-1.265149
-1.151432
-0.580116
-1.290257
-1.554295
-4.749970
-6.018047
-1.757116
-0.616799
-2.976561
-5.341124
1.545605
-2.828174
-0.285806
0.973861
1.203210
-1.790684
5.471492
-6.190579
-2.374856
-3.149044
0.388282
-3.080478
-0.910062
-0.860585
-1.981416
-1.993706
-4.669710
-1.918593
-5.203218
-5.510339
-0.016393
-3.956395
-0.367687
-2.293046
-0.450052
-1.913356
-1.527086
-2.490592
-1.103601
0.920075
0.476109
-2.731746
-1.520900
-4.874754
-1.322601
-0.708073
1.306923
-0.282602
-1.613388
2.114374
-2.522954
1.113796
-2.325421
2.995625
-0.426317
1.267155
-1.805159
-4.033300
-1.974360
-1.149922
-2.378934
1.793111
-0.369379
-2.881756
0.267077
-1.590873
-4.044035
1.563838
-2.466198
-2.071888
3.339021
-1.634825
0.906087
-2.863038
-3.542027
-2.374614
0.589581
-6.700034
1.985358
-0.345002
-2.483460
-4.520801
-2.072553
-2.176790
1.027516
-2.511910
-1.673015
-2.700146
-2.277658
-2.467323
-0.809929
-1.800993
2.176416
-5.124067
-0.249405
-1.146585
-3.470737
-2.746445
-3.022070
-0.639014
-2.173373
-1.486183
-3.381860
-4.053518
-0.731579
-3.002926
-5.672109
0.347839
-0.876817
0.528148
-3.050264
-3.408427
-1.009519
-6.194843
-3.892526
-2.683824
-0.881987
-2.230609
-2.412465
-1.675598
0.721468
1.335443
-1.336986
-0.696427
1.378245
-3.447886
-2.934643
-2.365212
-3.476421
-3.663247
-2.216648
0.788203
-0.963945
-1.635370
1.016027
1.049567
-3.633906
-3.293559
0.950174
0.325602
-1.868440
-2.601196
0.284003
-1.066412
0.206551
-2.325612
1.683825
-3.016584
-3.847981
-3.433631
-3.238419
-2.523926
-5.646753
-1.676605
-2.430166
-0.626490
0.364876
-2.324995
-2.119694
-1.841865
-0.570619
-3.114889
-2.303870
0.246750
-1.824583
-0.188638
1.017026
-1.915541
-0.979047
-0.249613
0.125258
-4.378630
-2.373626
-1.655098
-2.950058
1.890656
-4.234556
-0.541083
-0.694301
-1.852156
-0.701261
0.026076
-1.008150
-2.769222
0.849961
0.809723
-5.511606
2.011201
-2.570538
-2.348279
-1.811137
-0.676786
-0.990385
-2.025989
-1.241290
-3.615470
-1.137367
-3.747499
-1.635377
-1.848122
-4.068622
-1.360339
-3.278095
-2.413647
-1.349509
0.130582
-1.211874
-0.460290
-3.862172
-2.246153
-0.102825
-1.030205
1.620343
1.209303
-1.455641
-2.492865
-3.986636
-1.639566
-3.651260
-1.030331
-3.446961
-3.521358
-2.848135
-4.373206
0.173743
-2.513803
0.380680
-1.344210
-2.463430
-0.822326
-3.208185
3.745939
-2.611174
-1.081776
-3.891258
-2.069147
-0.552832
-0.578540
-1.300942
-0.717214
-3.927567
-1.933561
-0.384700
-0.361283
-1.686008
-3.827250
-1.882282
-0.680720
-2.922323
2.129739
-3.105028
-1.639529
0.760061
-0.576610
-2.154757
-2.637247
-0.027529
-2.408746
-0.890962
-0.542439
-0.493735
-2.561654
-4.447753
-0.684248
-2.109462
1.454463
-3.328118
-4.286112
-1.225389
-0.453300
0.512015
-1.221187
-2.683601
-4.317080
0.604308
-1.357250
-0.456247
-5.208400
-3.273887
0.719623
-3.053054
-3.760742
-4.440927
-1.423661
-3.499071
-3.484030
-0.568077
-1.925690
1.424913
-4.247994
-3.272076
-0.878263
-2.861022
-3.765851
1.584494
-3.055840
-1.885474
0.433886
-3.414459
-3.848811
-3.081665
-3.779393
-1.844412
-3.563080
-4.046693
-3.764688
0.269758
-1.176160
-4.534850
-0.701860
0.083212
1.167455
2.224370
-3.007859
-4.248071
1.645545
-2.044039
-6.292912
-1.424989
0.409789
-2.211679
-2.365892
-4.695594
-2.131471
-2.321463
0.263910
-1.225492
-4.161757
-1.723093
-2.152314
-1.473181
1.382359
-2.725834
-2.671108
-2.707131
-4.360726
-1.055595
-4.409404
-2.624591
1.280253
1.068674
-0.772172
-3.800941
-3.989132
-1.598028
-1.238936
-5.047402
2.228910
-2.572558
1.543700
-3.209275
-0.365495
-0.899109
-2.527031
1.415223
-0.784704
2.547360
-0.384180
-2.473768
0.829298
-1.561052
-3.665506
-1.170005
-3.374243
-1.724397
-4.147433
-2.502731
-0.551138
-0.590836
-2.445752
-3.836136
-2.253709
1.250595
-1.480510
-2.038160
-2.031190
0.881837
0.466178
-1.105608
-0.696523
-2.564669
-4.729846
-2.683384
-0.818333
0.576444
-3.963796
-2.986863
0.962296
-1.924291
-1.143673
-4.368811
-0.779262
-3.779190
0.272784
3.137701
-1.955430
-1.976428
-5.961934
-0.037039
-1.817242
-4.351208
-1.959008
-3.023135
-1.734363
0.179284
-3.314000
-0.820205
-3.664988
-3.059008
-0.559544
0.598094
1.336686
-2.748992
-2.937221
-1.460590
-2.863684
-0.728536
-3.891954
-0.284419
-2.114000
-2.049058
-0.462392
2.217558
-1.921485
-2.816899
-4.574394
-1.206272
-2.674836
-1.949082
-0.361255
-4.069603
1.167079
-2.404537
-1.769561
-4.467057
-3.319676
0.397149
0.105976
-2.799392
-2.080732
-3.704758
-2.414391
-3.754487
-2.236214
-1.944613
-1.768185
-2.059643
-2.222012
-2.128991
-1.603565
-3.382056
-1.250067
-0.839652
3.468957
-0.830064
-3.710021
1.206346
-0.795619
-2.302079
-1.037599
-4.195218
-1.921726
-0.541073
-0.079422
1.633700
0.345143
-2.260701
-2.741081
-1.792305
-3.282762
-1.752283
-1.944462
-4.665553
0.007430
0.468957
-0.119744
-3.866817
-0.608766
-5.738770
-4.554284
-0.077115
-1.968968
-4.426028
1.976436
-1.072871
-2.783469
-1.632812
-2.999399
-3.834414
1.523130
-2.401242
-4.565925
-5.005917
-4.744491
-1.476122
-1.387029
-2.931111
-2.138348
-2.979707
-3.098640
-0.825914
-2.054209
-1.962077
-5.611469
0.324674
0.665645
-4.232223
-3.590400
-3.443371
-1.023886
-0.434132
-5.846527
-1.378192
-3.849550
-3.005848
5.031773
-2.078445
-1.617899
-1.494481
-3.533325
-1.807654
-1.334697
-4.962784
-1.397017
-2.865150
0.049700
-1.793474
-3.540527
-2.787608
-3.293161
-2.506711
-1.628403
-2.542769
-2.495856
-2.562678
2.026076
-0.385423
-1.335031
-1.251305
0.188616
-1.051609
-4.072091
2.382496
-1.995825
-3.127652
-1.457935
-1.083130
0.285549
0.394985
-3.767870
-2.900516
-3.290454
-4.125633
-1.340932
-4.369987
-3.997923
-4.777593
-2.051583
-0.418553
-3.682727
-2.422302
-2.569140
-1.938673
1.789014
-1.074571
-1.591321
-0.755437
-1.573166
-2.248968
-2.297436
-1.312587
-1.241352
-3.837652
2.917405
-5.572802
-0.079726
1.912365
1.346893
1.267656
-1.190418
-3.002573
1.568319
-2.503536
-0.636200
-5.305567
-3.607513
-1.867562
-2.419535
-0.014875
-4.684364
-5.193955
-2.180807
-0.622365
-3.707085
-0.385309
-0.434657
-1.502635
-1.383235
-3.656754
-0.533221
2.589266
-1.178611
0.455126
-2.258195
-0.534489
-0.551469
-2.718842
-4.904038
4.367112
-1.370726
0.326191
-1.385797
-5.013161
-1.996446
-4.293945
-2.754566
-4.008312
-1.556473
-0.350619
-1.822121
-2.382807
-2.381052
-2.200817
-5.107670
-0.598831
-2.181988
-2.623399
-2.531756
-4.513710
-2.273804
1.732603
-1.845849
-0.005825
-3.747231
-1.747106
-3.459201
-3.003576
-4.311170
-3.001250
-3.030031
-3.638156
0.161553
0.437971
-2.349501
-6.690107
-3.973834
-0.947703
-1.875784
-1.913426
-2.959853
0.046402
-0.210316
-1.835231
1.461446
-3.674827
-1.894018
-2.656229
-0.292479
0.581852
-3.424965
-4.846520
0.305091
-2.280769
0.843539
-4.903244
-1.619137
-2.183052
-4.267294
-3.285948
-1.951986
0.481267
-3.295971
-2.343602
-1.805351
-0.198431
-3.364713
-0.360742
-0.485567
-2.807153
-2.487611
-1.636834
-0.667062
-2.217449
-1.470844
-1.811893
-1.255366
-2.470813
0.280486
-4.731854
-3.318752
-0.544476
1.154261
-2.330960
-2.318773
-2.874213
-4.263540
-2.447005
-3.079180
-3.557445
-4.871653
-0.739844
-3.692450
2.321637
-2.937320
0.114952
-1.891892
-3.250442
-1.154960
-0.630538
-2.918432
-4.635670
-0.437179
-3.248934
-3.397361
-3.495792
-2.408491
-2.012259
-4.338904
0.486429
-5.115629
-2.774375
-2.628389
0.813274
-4.502721
-0.709323
-2.008192
-2.488952
-4.023989
-1.454601
-4.123876
-1.016835
-3.587799
-2.610118
-5.604898
-3.402811
2.222365
-0.484854
-3.061691
-2.365071
-0.619052
-2.492089
0.374846
0.303026
-3.235641
-3.245607
-0.281866
-2.137169
-4.042755
-1.777742
2.022264
-2.765692
-3.831655
-5.524406
-1.355829
-2.002126
-4.597343
-2.053755
-3.916323
-2.928667
-3.661910
-3.356652
-2.213746
-0.991849
-0.396669
-3.542601
-2.872723
-1.800881
-4.010652
-1.372167
-3.430666
-2.305039
-2.302513
-4.207186
-0.416746
-2.088601
-1.613793
-2.672451
-4.231118
-3.336344
0.252815
-1.995977
-1.991188
-0.998304
-1.635958
2.288419
-3.942653
-3.138866
-0.556942
-0.556532
-2.716828
-1.199650
-3.001433
-2.462611
0.614632
-2.955364
-3.814646
-4.410293
-1.891048
-4.355668
-3.178586
-1.008961
-4.315134
-0.317678
-1.264721
-3.772164
-3.531460
-1.242362
-4.101145
-2.514683
1.580155
-2.010178
0.444334
-3.337867
-4.425680
-2.195983
-2.667655
-1.975707
-2.837081
-2.556100
-3.481910
-1.176804
1.172314
-2.074614
-3.411647
-1.941386
-0.613613
-3.241746
-1.579363
-4.485113
-0.194122
-2.638901
-1.725641
-3.794676
-0.250833
-4.133802
0.143002
1.715078
-2.463211
-1.042483
-4.068079
-4.697441
-2.865336
-1.688316
-4.989302
-0.332329
-1.372687
0.373284
-2.711732
-0.134378
-7.650249
-3.135710
-0.289367
-2.827267
-3.177039
-2.901357
0.162138
-1.153713
-3.098867
-4.040326
-5.503749
-4.324224
-2.277647
-0.023552
-2.708272
-2.074899
-2.955598
2.136236
-2.908675
-0.190573
-3.192101
-1.544749
-3.301894
-1.910627
-2.060303
-1.942986
-3.242614
-3.099963
-2.631261
-6.409672
-2.992023
-2.210781
-1.146653
-2.832609
-3.541886
-2.733088
-0.326083
-1.832107
-2.140169
-3.067112
-3.037948
-1.248686
-4.230581
5.183028
-2.053574
-0.305655
-2.222138
-3.876804
-2.545977
-3.819536
-1.969329
-1.932262
-5.105465
-4.257187
-0.514374
-1.577833
-3.375564
-3.129232
-3.461873
-3.080867
-3.996563
0.163322
-4.037333
-3.365461
-4.920336
0.186779
-1.660803
-1.265019
-5.014155
-3.034967
-1.619124
-1.944252
-3.832717
-3.720652
-3.531767
-3.612883
-2.993759
-2.390826
0.679988
-1.457548
-2.049348
0.221523
-4.264499
-0.610128
-2.513369
-1.546858
-2.754087
-2.632196
-4.684749
-1.791564
-1.565102
-1.659141
-2.754745
-4.375277
-2.820795
-3.185454
-0.438019
-1.362423
-3.570966
-3.600795
-1.426449
-4.016299
-1.755000
-1.678607
-2.392452
-1.750383
-1.775227
0.432663
-2.860509
-2.824487
-0.525302
-2.133633
-2.693430
-3.952708
-2.621320
-4.024125
-2.045407
-3.319392
-1.655659
-3.738673
-0.148794
-1.055423
-4.332394
-0.036458
-2.673991
0.889044
-3.707013
-3.984194
-5.419037
-6.562232
-3.211659
1.058558
-0.991926
-1.363173
-1.618897
-1.548647
-2.001506
-5.263085
-0.342145
-0.452029
-4.001749
-0.272836
-4.606695
-2.573578
-1.659148
-3.170650
-2.875209
-0.921950
-0.249044
-3.355680
0.809658
-2.417398
-4.631485
-1.551651
-2.580472
-1.143228
-3.663805
-1.971950
-1.060602
-0.171243
-3.638945
-2.516196
1.477001
-2.646885
-2.120476
-3.877556
-3.413880
-2.704088
-2.770615
-3.996075
-4.530053
-1.455652
0.867962
-0.218291
-5.201212
-2.449743
-2.411436
-4.200122
-2.323793
-2.128474
-3.418478
3.547396
-2.290069
-1.052447
-2.126631
-1.070455
-0.232400
-1.416451
-2.288628
-3.395241
-3.235847
1.478697
-1.278122
-3.149680
-1.149847
-4.663720
-3.097255
0.387092
-4.271825
-0.486817
-3.743205
-2.214050
-3.424863
-3.772434
-1.414605
-0.441271
-5.222413
-1.564631
-4.942246
2.862446
0.232043
-1.833428
1.445668
-2.974636
-0.932314
-2.122695
-2.566403
-1.331752
-2.709294
0.878735
-5.928327
-0.840666
-4.002189
-3.432802
-3.126866
-2.353628
-1.307832
-5.057616
-2.113864
-3.583593
-3.042982
-3.908926
-0.874196
-0.557089
-0.293684
-0.974190
-1.760397
-1.150633
-3.232144
-2.789539
-1.148848
-0.535198
-1.918611
-2.899717
0.553921
-0.666070
-4.622616
-3.099219
-1.697844
-4.858005
-5.700025
-4.515637
-2.523431
-2.312220
-1.143809
0.412993
-2.883003
-3.376446
-2.112997
-2.906255
-2.213367
-4.286314
-1.834880
-1.346144
-4.929205
-2.494776
-1.119269
-2.271820
-0.172468
-2.757156
-4.414953
-2.128954
-2.030640
-2.635312
-0.088694
-4.817376
-2.422704
-0.943446
-4.281126
-3.534370
-2.712635
-2.125813
-1.387762
1.035646
-2.189677
-2.271750
-2.339366
-2.586759
-0.630364
-0.989786
-1.651881
0.681070
-2.463785
-1.415636
-2.392930
-0.032970
-2.508811
-1.215422
-1.344325
-3.681432
-0.590260
-5.073149
-1.456127
-1.930003
-2.901581
-0.953542
-3.900328
-0.971637
-0.831579
-0.961385
-1.381086
-1.588015
-0.989828
-4.327810
-1.729450
-1.045544
-0.577476
-3.074992
-1.662459
-3.256224
-0.821263
-2.726140
-2.672032
-4.101784
1.656795
-1.531337
-3.965633
-4.221583
-3.454871
-2.060267
-4.671323
0.470473
-0.689270
0.321139
-0.880095
-4.555284
-2.825236
-0.270393
-3.262158
-1.343841
-2.174796
-2.117930
-1.644783
-1.340322
0.626496
-2.031612
-4.289186
-0.700378
-4.505310
0.665225
-0.963385
0.647127
-2.803491
-2.092394
-4.190892
-3.248868
-5.240354
-3.731355
-3.223372
1.091184
-4.054297
-2.392055
-4.601095
-4.093360
-1.871897
-1.530805
-0.351760
-2.422402
0.482206
-0.262857
1.433614
2.329911
0.526085
-2.222500
-1.494692
-4.440163
-0.320144
-1.860113
1.615574
-0.876077
-1.494663
-1.866246
-3.967559
0.325117
-2.042009
-0.862884
-1.503619
-2.232930
-3.774970
-2.339914
-4.339373
-0.672674
-4.264026
-1.650533
-1.417468
-2.484565
-1.482674
-2.315897
-1.537864
-2.508321
-0.250856
-4.025032
-0.671986
-1.123913
-0.981447
-2.958046
-3.212046
0.331335
-0.793784
-0.182604
-2.021651
-1.081093
-4.972210
-2.975644
-0.110668
-1.797238
0.572818
-3.605622
-3.666895
-3.540591
-2.127546
-2.741335
-0.913490
-4.842355
-1.964307
-4.568691
0.104774
-2.720361
0.618782
-3.641847
-1.793676
-1.285857
0.274727
-2.841997
-0.279933
-1.311552
-2.657557
-4.059987
-3.284498
-2.679163
-2.650318
-3.508468
-3.145978
0.484475
-2.089665
-4.321623
-3.325697
-1.901404
1.968433
-2.520898
-0.669814
0.050736
-6.755457
-0.864153
-1.035587
-1.010900
-2.197520
-3.468815
-3.062211
-1.018107
-2.182309
-2.534083
-3.615079
-3.211900
-2.853230
-2.922137
-2.049155
-1.552263
-0.333621
-3.081123
-3.588822
-3.099051
-2.784812
-4.005850
-3.420058
-3.404693
0.951958
2.153205
-2.382679
-2.735492
-1.195136
-3.683944
-0.924710
-2.760976
-2.182199
-0.210137
-0.718515
-2.267478
-4.157603
-4.246730
-3.473437
-0.317216
-3.550433
-3.072631
-2.980833
-5.840548
-3.347944
-2.133096
-1.191869
-3.146523
1.898657
-0.831545
-4.400230
-3.878632
-1.686567
1.374492
-1.737677
-3.615655
-6.899409
-3.873481
-3.635365
-2.294970
-2.727592
-4.021730
-5.424422
-3.567474
-2.998811
-0.037079
1.403947
-4.675391
-2.228258
-2.856645
-6.715679
-2.457715
-2.717297
-2.477582
-2.767821
-4.360244
-2.185820
-1.648146
-0.736979
0.005005
-3.794988
-1.811394
-1.742395
-2.041831
-4.154925
0.910987
-4.335338
-4.398002
-0.523201
-1.490617
-2.014562
-0.851018
0.068577
-2.551644
-1.225530
-1.855988
-0.742425
-0.718853
-3.397731
-3.377188
-3.241915
-4.225368
-4.295943
-4.149025
-2.798635
-0.341363
-2.306365
-1.814063
-1.390878
-2.065774
0.413647
-2.572036
-0.257668
-3.370704
-2.194826
-3.225299
-2.913310
0.888581
-4.331646
-2.375492
-2.721640
-1.819068
-0.804004
-2.033307
-2.402295
-1.180069
-2.433450
-2.145495
-1.721497
-2.321373
-4.666349
-2.381926
-1.534089
-3.731628
0.026846
-3.827855
-3.950989
-2.258165
-3.090720
-0.987110
-3.288313
-3.624540
0.183330
-2.099869
-0.544859
-0.475912
-2.225274
-4.229003
-1.720476
-3.255516
-3.137280
-5.528577
-2.741230
-2.008814
-1.006223
-2.159741
-0.800016
-3.500062
-2.410646
4.913177
-2.259489
-4.968740
-1.863874
-4.186279
-0.881281
-5.116117
-1.257904
-4.849886
-1.024206
-1.420191
-2.169056
-1.431071
-3.577220
-3.824761
-4.017783
0.662004
-1.041530
-3.570276
-2.912310
-4.145835
-3.186372
-0.966171
-4.540792
-0.617793
-3.064625
-3.530353
-1.836698
-0.393154
-1.707082
-1.205727
-0.928070
-2.605609
-3.864542
-1.694434
2.129781
0.633420
-1.519851
1.190554
-3.328778
-0.263625
-3.048056
-1.883893
-2.785262
-5.782015
-2.101543
2.773419
0.723535
-3.836200
-2.477918
-4.310068
-2.352582
-2.798563
-0.510825
1.034074
-2.659860
-0.939280
-0.728632
-1.037874
-7.583115
-3.176718
-3.248524
-1.210936
-3.280728
-2.597056
-4.443430
-2.689968
-2.832747
-0.198461
-1.484111
-0.136416
-3.547490
-0.776348
-0.517606
-4.520869
-3.074488
-0.988839
-5.546673
-1.684780
-1.635253
-1.177293
-0.998786
-3.103571
-1.800571
-1.917473
1.468899
-4.154116
-2.468374
-2.326825
-0.281493
-1.415395
-3.553406
-0.148716
-2.355156
2.782287
-2.821211
2.206080
-3.146984
-2.898565
-3.266366
-2.848370
-0.771699
-3.859171
-1.639846
-5.166991
2.140247
-2.845539
-1.692866
-5.080431
-2.897504
-1.097086
-3.464896
-4.704849
-3.232335
-2.275180
-3.981062
-5.398610
-0.792879
-3.316326
-5.364731
-1.739609
-2.507093
0.100076
-1.847441
-1.973767
-3.405640
-3.879204
-4.581303
0.237021
-1.402880
-2.802688
0.247191
-4.232584
-2.387768
-0.789193
0.929641
0.068681
-3.836864
1.736730
-4.616232
-0.015669
-0.900064
-3.238887
-3.814910
-2.314062
-7.138431
-3.821397
-0.654816
-2.801790
-1.133906
-3.515309
0.003144
-2.877623
-2.775934
-2.902610
-1.740565
-0.853972
-3.220000
-2.055631
-3.384712
-2.862916
-0.394168
-1.388831
-3.746989
-2.532670
-3.788138
-4.850594
-3.163023
-3.481503
-2.667691
-3.091699
-3.250132
-4.306919
-1.606332
-0.756006
-0.170708
-3.755989
-0.487810
-1.506110
-3.015448
-2.400927
0.075147
-2.917739
-2.430791
-2.865391
-2.392916
-1.888433
-4.547110
-3.477269
-4.205745
-3.113693
-4.394039
-3.052687
-3.998240
-3.538824
-1.857665
-1.909310
-3.136056
-2.728678
-2.778499
-4.367737
-1.706243
-0.723398
-2.331425
-1.736052
-1.029077
-1.651833
-3.390861
-0.472855
-0.403273
-1.299066
-2.445207
-4.263660
-3.193501
-0.495332
-3.699647
-1.587398
-3.085638
-3.653014
-2.724954
-0.631501
0.455625
-2.514350
-2.640717
-2.365942
-1.300374
-4.303628
-5.331162
-1.375656
-2.823601
-3.861664
-3.657090
-5.787187
-2.815815
-9.182685
-1.199440
-3.601515
-5.091243
-1.302853
-3.152568
-0.417783
-4.309803
0.548857
-0.190678
-3.905200
-4.916012
-2.545501
-2.877327
-4.095490
-5.910683
-1.882444
-1.781727
-2.761896
-2.837251
-1.067967
-1.980811
-0.464036
-3.212574
-2.769342
-1.180582
-3.420391
-3.738205
-1.514546
-2.951390
-2.436115
-2.587808
1.820508
-3.080740
-3.439222
1.062091
1.230161
-2.719691
-4.028494
-4.070651
-1.366991
-1.623997
-3.729369
-5.130938
-4.904055
-1.105296
-2.747462
-5.070732
-3.543244
-1.821502
-5.868397
-3.830507
1.456645
-0.908545
-4.804184
-3.763001
-2.315637
-1.761295
-0.272606
-2.331631
-2.740148
-3.447235
-2.368080
-4.859979
-1.980088
-2.681328
-1.157338
-3.547716
-0.579961
-3.577017
-1.626340
-3.561818
-1.510240
-4.209497
-2.947965
-0.641849
1.720542
-2.344042
-3.457697
-3.209815
-1.748040
0.876872
-5.027441
-4.542159
-2.378587
-2.023275
-2.392064
-2.044993
-1.832167
-2.429053
-2.580055
-0.824210
-1.181267
-2.467387
-0.516972
2.513507
2.086952
-4.315632
-1.602954
-2.550112
-4.024050
-5.279955
-3.236843
-2.636731
-5.740739
-3.062494
-1.597630
-0.065127
-3.117558
-2.540616
-3.174974
-3.865777
-2.472601
-4.498206
-5.968438
-1.416348
-2.412219
-3.055126
-0.356626
-1.921469
-5.009552
-0.679364
-1.878729
-2.097760
-2.932816
-4.052994
-1.067760
-2.980347
-2.151624
-0.297168
-4.982989
-3.281804
-3.346812
0.195296
-1.324196
-3.906559
-2.982108
-2.860196
-0.837489
-4.103679
-2.020885
-1.835134
-1.833776
-2.493187
-2.053272
1.797597
-2.577219
-2.157596
-1.763849
-0.240334
-2.777066
-2.931604
0.380330
-3.869784
-2.736444
3.091480
-2.338133
-1.651133
-0.820209
-1.755666
-3.290531
-5.989321
-6.009800
-2.149213
-3.296717
-3.184164
-3.633099
-5.659913
-1.345443
-3.044397
-1.579110
-3.990169
-2.609802
-1.704510
-0.465251
-1.074273
-2.776148
-3.787390
-1.285089
1.354869
-3.644759
-1.823519
-0.868699
-3.502147
-3.961475
-1.944395
-2.211738
-2.037784
-4.183882
-4.773153
-2.471103
-1.488081
-4.811579
-1.982484
-3.414012
-3.537211
-1.138302
-1.274635
-3.472972
-2.742578
-8.328800
-0.945253
-5.896702
-1.748941
-1.284395
-1.498037
-1.742911
2.453346
-3.575032
-3.480608
-3.087879
-2.359418
-3.471948
-0.918442
-0.815157
-3.163302
-1.816352
-1.543922
-1.866230
-2.994253
0.592500
-1.105258
-3.607598
-3.054915
-4.128983
-2.752035
-6.223022
-1.298474
-0.663370
-6.183935
-4.259481
-4.928949
-2.201396
-3.245063
-3.312455
0.292941
-1.612482
-3.753299
-2.702261
-5.094495
-1.737194
-3.006580
0.842677
-5.201724
0.975769
-2.213765
-0.951607
0.777753
2.242022
0.967312
-3.218974
-4.016257
-1.532269
-6.827272
-3.554057
-2.725793
-3.264402
-4.579079
2.501334
-0.472177
-2.703570
-2.338167
-4.921867
1.382850
-4.679660
0.792661
-4.773922
-0.517382
-1.716632
-1.305370
0.442898
-4.042637
-2.718631
-0.805330
-3.959161
-3.021002
-2.872281
-2.513712
-3.269737
-2.215241
-1.564716
-1.519225
-2.959585
5.857041
-3.793528
-1.551993
-2.851952
-3.746119
-3.422576
-0.963912
-4.297930
-0.759544
-3.409214
-3.775036
-0.195456
-0.248064
-2.018613
-4.138190
-0.139687
-0.992879
-2.129268
-1.743145
0.311860
-4.073194
-5.500054
-4.077668
-0.365956
-3.115970
-2.742486
-0.629036
-1.990575
-1.994239
-3.810915
-2.519771
-0.511037
-4.570928
-1.352827
-1.896465
-2.817914
-3.581350
2.810301
-3.019272
-2.224479
-6.291288
-2.069894
-2.740046
-1.036463
-1.240959
-4.016951
-0.766513
-3.577007
-0.721783
-0.150960
-1.436874
0.388816
-1.011481
-4.137410
-4.391015
-1.409449
-2.325406
-2.223120
-3.173801
-4.082478
-5.909710
0.252055
-1.742387
-4.101759
-3.929444
-4.548857
0.217914
-2.856697
-1.524219
-2.226065
-2.384885
-3.121754
-3.633178
-3.775878
-0.704443
-3.786146
-1.176144
-3.831387
1.497231
-1.972995
-2.934059
-3.890165
-0.976078
-2.240674
-1.844991
-6.652628
-1.391317
-1.927210
-1.941783
-2.716019
-3.610227
-3.057928
-0.041266
-1.868234
-3.515216
-2.915472
-2.832203
-1.235360
-2.650167
-2.917204
-2.626477
-4.903234
-3.569001
-1.389867
-0.380113
-2.948691
-3.403048
-2.364557
-1.595687
-1.927408
-1.952514
-5.491706
-3.607419
-3.497824
-3.021235
-2.502769
-1.228689
-5.791700
-0.402248
-2.082115
-0.330861
-2.230657
-1.756249
-1.060929
-3.604400
-2.814343
-1.666965
-3.149740
-1.461538
-1.232827
-3.526627
-4.203423
-2.288820
0.310144
-2.508518
-0.882128
-0.817314
-2.462164
-3.730991
-2.991559
-3.691347
-3.195625
-2.198511
-2.003114
0.943886
-2.074214
-0.312848
0.131084
-3.405235
-3.863557
-4.543567
-0.859883
-2.156075
-1.481743
-2.247621
-1.381677
-2.451815
-2.679938
-2.956364
-0.574223
-1.691860
-4.179151
-3.127876
-2.812989
-1.440174
1.003335
-4.926989
-2.986687
-0.505652
-2.441181
-1.154558
-2.715388
0.555431
-3.979320
-3.722087
-2.362044
-0.930704
-2.660543
-2.360312
-4.400440
-3.519668
-1.234244
0.045627
-4.147382
-1.039479
-2.988514
0.435007
-3.490633
-0.534505
-0.521204
-4.518956
-3.588166
-4.401523
-3.719576
-3.051689
-1.928484
-0.542912
-4.205513
-1.439602
-2.244867
-3.302659
-4.079499
-1.132599
-1.499673
-2.785990
-2.768343
-2.384702
-2.201324
-3.047478
-3.385459
-2.651614
-1.445913
-5.787601
2.179708
-1.971680
-3.358567
-2.560773
-1.309555
-0.894322
-1.420835
1.628347
-1.927356
-3.829105
-2.461112
-1.885033
-3.759411
1.637802
-2.290350
-1.294349
-4.393228
-1.826287
-1.545025
-4.973141
-0.912873
-0.354494
-0.484559
-1.749745
-2.417875
-3.139486
-1.811628
1.230059
-6.834754
-1.749682
-1.189089
-4.380841
-2.203550
-0.836527
-2.386339
2.152160
-2.573034
-1.951724
-1.008005
-3.304234
-4.769518
-2.657695
-2.034393
-3.809791
1.552926
-3.951429
-5.478613
-2.610651
-5.896339
-0.253868
0.313399
-3.229956
-2.374968
-1.846613
-0.236131
-2.015218
1.941700
-4.265446
-3.526698
-2.746674
-1.850514
-3.773521
-0.757495
-2.235504
0.871437
-2.778949
1.222728
-0.151628
-2.177890
-1.895977
-5.890314
-1.319257
-1.020785
-1.345583
0.001263
1.349252
-1.772972
-1.292954
-1.960516
-3.488096
-3.909529
-2.012694
-1.809328
-3.137709
0.498059
-1.780075
-1.441629
0.000638
-2.524198
-2.479870
-2.074269
-2.551640
-3.079864
-2.846057
-1.067193
-2.434863
-1.789652
-2.557117
-3.826030
-1.177498
-2.757533
-2.088750
-2.447182
-0.386622
-1.068048
-2.676933
-1.920558
-2.540003
-2.633334
-1.705234
-2.267266
-2.845860
-2.109777
-3.127441
-3.204746
1.608876
-1.504436
-4.124930
-2.234361
-1.993762
-2.549493
-1.879754
-1.491062
-2.412641
-3.498717
-3.142256
-3.632097
-1.271852
-3.247789
-2.649311
-1.585129
-5.092464
0.860613
-2.117695
-2.671593
-3.859947
-1.158929
0.216797
-2.780385
-3.296187
-0.821571
-3.195785
-0.372656
-2.463086
-2.908151
-0.943213
-1.542177
-3.009808
-2.738591
-0.879525
-1.207768
-4.074348
-2.206705
-0.664784
-1.523434
-0.865860
-2.820243
-4.123555
-2.388795
-4.560967
-1.766093
-3.038450
-3.968915
-2.654098
-3.915574
-3.623319
-3.024686
-2.430915
-4.349302
-3.182650
-3.947435
-2.175996
-0.983448
0.020308
-1.308316
-0.966691
-3.445288
-0.137205
-0.958595
-0.679124
-2.867797
-2.136222
-2.395418
-2.671704
-5.239246
-5.285254
-4.110536
-4.659934
-3.358867
-2.458270
-4.515181
-1.806657
-2.591033
-2.106284
-3.950756
0.293596
-1.542090
-2.938634
-3.433830
-1.157182
-4.014019
-4.483367
-2.907663
-1.691908
-2.550763
-1.550371
1.838823
-3.665269
-0.795757
-4.560925
-4.125702
-0.904649
-0.579025
-0.471375
-3.367235
-5.151053
-0.118801
-4.082265
-2.531818
-1.093773
-3.766135
-2.050438
-1.094514
-4.152478
-3.906092
-2.628795
-1.213232
-3.347791
-2.654936
-4.360693
-2.183763
-5.589557
-3.726618
-5.244896
-2.564161
0.944710
-3.394934
-1.237502
-3.522454
-1.707001
-4.142078
-2.702818
-3.805819
-1.911727
-2.701465
-2.300883
-2.035391
-2.754561
-1.208591
-2.364300
0.154907
-4.908185
-1.230263
-0.324205
0.934025
-1.032752
-5.043297
-3.646018
-4.771975
-3.993227
0.691940
-2.179801
-1.567761
-2.673607
-2.266192
-0.841274
-1.869319
-1.733496
-1.616772
-2.637375
-2.196170
-6.006534
-2.088961
-1.524413
-3.118835
-2.651146
-0.957802
-0.889689
-3.758188
-0.440423
-1.385141
-1.277330
-0.302056
-3.037073
-3.416542
-2.593325
-5.271532
-0.987396
-2.921922
-3.369831
-1.557153
-3.781696
1.377883
-0.379566
-1.326863
-0.149872
-4.624777
-1.817891
-2.275401
-4.448387
2.155123
-2.448678
-4.175111
-2.298157
-2.610368
-3.375839
-4.066309
-2.413410
-5.122990
0.131546
-2.910032
-1.182761
-1.159634
-3.404526
-3.602543
-2.248560
-5.035760
-1.430076
-6.167045
-4.451285
-4.810420
-2.220808
-3.401990
-1.418243
-3.219818
-0.970701
-3.368872
-0.440068
-2.947937
-3.962639
-0.398599
-4.128308
-2.499760
-4.260278
-1.995916
-2.621560
-6.010287
-4.562066
-1.388147
-5.700848
-2.410104
-0.333096
-3.523181
-1.599497
-1.336925
-1.870624
-1.911357
-1.537241
-2.190512
0.650018
-3.694600
-3.144868
-3.677044
-2.466132
-2.183294
-1.450677
-2.935798
-3.421108
-0.072774
0.121108
-2.747388
-2.736385
-5.567593
-3.181631
-3.846072
-2.586411
-4.439685
-2.436815
-1.195339
-1.598330
0.014062
-4.796465
-2.993975
-3.920027
-1.191757
-2.133370
1.493151
4.366869
0.129941
