8
1 500 1000 200 42 777 13 99
-0.301157
6.041357
2.774711
-9.536199
-6.198833
-8.777007
-7.356000
-0.057529
-5.583290
-5.881173
-7.079721
-7.358644
3.837024
5.494898
5.817299
-5.332846
2.027776
-0.420766
-0.793481
-3.096460
-2.216151
-0.737965
-5.099982
-5.010416
-3.821332
-3.097538
-0.670720
0.270238
-8.789817
-8.571516
-8.375062
1.605330
-8.363101
-0.756217
-1.508141
-0.501239
-3.349546
-2.177045
-2.052196
-0.918274
-0.612897
-0.772905
0.191810
-2.295612
-0.893637
-1.247898
-2.539926
-0.908567
-0.300965
-4.088692
-1.023416
-1.971054
-0.295540
-3.990157
-2.601121
-1.156082
-2.581045
-0.970184
-1.862909
-8.778267
-7.638791
-9.099391
-9.215405
-8.762066
-6.658815
4.962665
2.724782
0.826353
-1.789316
-0.218132
1.652584
0.375260
2.223559
1.911490
0.074166
1.547743
-1.917576
0.345914
2.294337
2.799944
1.101153
-8.259046
2.170928
2.411007
1.317596
2.643148
-2.796795
2.013020
-0.636647
3.562522
-1.707444
-8.599959
-8.716280
-8.675170
-8.498642
-8.989416
-9.360585
-9.114546
-9.053908
-8.779355
-3.422459
-8.607656
-8.665872
-6.367394
-9.456924
-9.056623
-8.916093
-9.500021
-7.500313
-8.594475
-7.818197
-9.634419
-8.875408
-8.279581
-9.317961
-9.026728
-8.389134
-8.618704
-8.458261
-8.836402
-9.194875
-8.306750
-8.690929
-8.885971
-8.676524
-8.246744
-9.005058
-7.256700
-5.657768
-8.668352
-8.511641
-9.101626
-8.207224
-8.919230
-8.589528
-9.135622
-9.368005
-8.934092
-8.970205
-8.452654
-9.076706
-9.412984
-8.185070
-8.551517
-8.456017
-8.572525
-8.007638
-8.964085
-8.575391
-8.828798
-9.712326
-9.119978
-8.981793
-8.399458
-8.408420
-8.713456
-8.508521
-8.289572
-8.866220
-8.889503
-8.169850
-8.605210
-8.920762
-8.245378
-8.388830
-9.053431
-8.732403
-9.121670
-8.796453
-8.729913
-8.448668
-8.553642
-8.909888
-8.856642
-8.820061
-8.737495
-8.253754
-8.417795
-8.773266
-8.473307
-8.646008
-9.212625
-9.058247
-9.318756
-8.816689
-8.698252
-8.866613
-8.576978
-8.623715
-8.337437
-8.781118
-8.198483
-8.265698
-8.832963
-8.391387
-9.061275
-8.914350
-9.404873
-9.052086
0.065060
-8.398790
-8.740395
-9.002626
-8.562079
-8.105748
-9.188639
-8.890959
-8.597656
-8.733840
-8.176438
-8.714470
-8.398290
-8.699454
-8.473232
-8.605812
-8.564318
-8.397695
-9.398312
-8.967779
-8.560162
-8.684912
0.332825
-8.281167
-8.635001
-8.834764
-8.838864
-8.194712
-8.562920
-8.125191
-8.332950
-8.870461
-8.886982
-9.278231
-8.941080
-8.743830
-8.598813
-8.609118
-8.513399
-8.148510
-8.213972
-8.887136
-9.685579
-3.048787
-2.942567
-8.806192
-9.137821
-8.352345
-4.080999
-9.396996
-8.806852
-8.482195
-9.062082
-8.907812
-9.252598
-8.910727
-8.216892
-8.529095
0.902261
0.096660
3.374897
0.738219
-2.424608
2.180875
1.718415
3.271480
5.331872
0.312750
0.489324
-2.015931
-1.701713
-4.100281
-3.137656
-1.782871
-0.235966
1.355433
2.792618
0.002002
-1.356419
1.327057
-1.676670
2.262702
-1.325217
-2.512827
0.205257
0.874562
-0.802745
-1.078379
-0.806671
-1.455951
2.111591
0.180878
-3.308148
-1.723275
2.130665
2.812668
-2.344178
-2.996564
0.522526
-0.018870
-1.287402
0.642984
0.401605
-0.855895
2.058178
2.290478
0.775277
-5.489380
0.918989
1.128699
0.979051
-2.529874
-1.809609
-1.439179
-0.524158
-2.426135
1.588536
-1.345361
1.441870
0.390225
-1.341538
0.920684
-3.975174
-3.442467
-4.184260
-1.147066
0.393424
0.583048
2.283678
-2.687066
-4.019553
-1.759345
-1.186337
-0.219662
-3.370984
-1.074604
-3.545744
-1.405556
2.660030
-1.282671
-1.451431
-1.444062
-5.063906
-1.655241
-0.236554
2.001009
-4.132267
-0.108737
-0.503193
-1.345122
0.290001
-0.067532
0.892514
-0.875956
-2.780414
1.737865
0.523832
-6.416716
-0.779626
-2.285856
1.029831
-0.969480
3.467045
-5.361385
-0.819177
-3.530594
-3.832407
-1.526941
-4.623002
4.023798
-0.783370
2.787539
-1.007439
-1.843197
-1.303829
2.345933
0.190957
-1.308763
-6.457535
-8.736004
-8.254513
-8.606400
-8.834960
0.212894
-3.358179
-3.828437
3.127948
-2.044236
-0.941089
-5.485087
-0.373931
3.118686
-2.455946
-1.428092
0.853472
-2.877636
2.429680
1.834786
1.046698
-0.959681
-3.051904
-0.573095
1.475671
-1.081594
1.166257
0.457249
-5.543071
-1.536180
0.943698
-3.648557
-2.486404
-0.276584
-3.434867
0.763822
0.124411
-2.595334
-2.320059
-0.297029
-3.023139
-3.732524
2.179798
1.382385
1.597194
-2.461134
0.990340
-1.600300
-2.335048
5.798055
0.869006
-1.820632
-0.266434
-5.480979
-1.383155
0.592175
1.035959
-4.306146
-0.072117
-2.953945
-1.083997
8.080717
-0.210637
-0.212876
2.057547
-0.531920
1.567526
-0.700954
0.249610
-1.715352
-1.475927
-7.553177
0.589067
-2.528877
-0.953071
0.497198
-1.136235
0.503386
0.764964
0.997457
-2.409395
-1.874539
-2.610106
0.340046
-1.027364
-4.985996
1.974403
-5.413512
0.211953
-4.133080
-9.460835
-0.619796
-3.487614
3.575073
-1.062008
-2.824032
-1.540196
-4.892737
0.423340
-0.278343
-1.379697
-8.029971
-2.868316
-0.172938
1.323986
0.751447
-1.242910
-2.302867
1.507700
-1.397177
1.442122
-0.797439
-4.073198
-0.471963
5.107242
1.088526
-2.680497
1.365543
0.104425
-0.550264
-3.012609
-0.608628
-4.170022
-4.591403
-2.511595
-1.779057
-3.254145
-3.486208
0.738977
1.916840
-0.175499
-2.248928
-2.998354
-2.174666
-0.010119
-1.494029
-2.249243
-3.360086
0.974391
-0.544191
-2.751215
-3.103999
-1.320041
1.097530
-3.395625
-3.829226
-4.037544
0.500068
3.590979
1.946511
-3.459349
-1.335492
-1.618273
0.412228
2.321557
-0.530510
-1.653073
-2.426630
1.677498
-7.793087
-1.125365
-2.486220
-0.053743
-2.956880
1.038968
-0.887249
5.088009
0.002785
-1.451470
-2.126755
-1.201384
-1.964013
-4.038768
-1.717182
-1.577372
3.259007
-4.161639
-1.696433
-1.141120
-2.117186
1.505576
-4.368751
-1.381780
-0.636810
6.359732
-3.713849
-1.589815
-1.440214
-0.516640
2.584348
-0.515200
-5.255960
0.340885
-4.215106
1.714040
0.805920
-1.834157
-3.784652
-4.072659
0.224012
-3.699426
-3.060546
1.427527
1.261224
-3.045435
-0.370594
-5.725033
-4.330602
-1.505353
0.117396
-2.305750
-0.327364
2.177277
0.365421
1.169498
-3.614642
-0.307182
-4.688735
-0.718498
-3.261377
-1.413346
1.431127
-2.163655
-3.373707
-0.699782
-2.197221
-5.302830
-1.191931
2.904933
-2.368106
-5.694883
-3.535443
-6.213757
-2.800350
-0.270683
-2.512226
-0.942073
4.812576
-3.269459
-1.901504
-2.528470
1.466643
-4.413657
-0.337770
0.608352
-3.064990
-3.883589
-5.854857
0.552614
-3.004767
-3.056455
-1.972939
-0.493300
-0.829040
-4.532155
1.091935
0.327280
0.606102
0.793419
-2.289032
-4.389491
-0.843754
-4.148098
-1.475477
0.773783
-0.237679
1.318136
-0.775578
1.187200
0.934821
1.439667
2.552788
1.006799
-1.115123
-2.136801
-0.000515
-4.261825
-4.470879
3.311815
-6.053618
-2.981539
-3.551209
3.540245
-1.378362
-3.622177
-5.040446
1.122919
-2.330262
-6.572647
-0.268997
-2.998989
2.820529
-1.724551
-0.605582
-2.021309
1.554458
0.134692
1.327112
-1.171548
-1.261489
-1.406274
0.236645
-2.487646
-1.603778
-0.871922
-1.287780
-1.322697
-8.394011
-3.875338
-0.115046
-3.012393
-3.872548
-1.542817
-0.906328
-3.171156
-0.553696
1.240893
-0.822702
-3.099380
-1.491922
-1.830338
-2.962013
-7.501753
0.500793
-1.516641
-5.087317
-3.628344
1.954920
-1.303913
-1.524217
-4.385866
-0.227210
1.423758
-1.924059
0.849308
0.974696
-1.792799
-8.247330
-2.541425
-2.399385
-1.678012
-1.473891
-1.488953
-8.769204
0.057543
-4.607238
-0.190237
1.813904
-0.803191
-5.401120
0.495806
-1.060207
1.063303
2.336536
-0.406431
-3.414303
-1.753194
-2.545691
0.023685
-2.150390
-1.105349
-0.794379
-3.108826
-0.443907
-5.260428
0.810787
-4.879477
1.038876
-0.999739
-0.108132
-5.777930
-1.722620
0.802438
-2.030415
-2.516372
3.373929
-5.415212
-6.499928
-0.592717
-2.411415
-2.797648
3.116909
-0.113882
-2.551119
-5.636474
-5.815629
-2.578233
-1.398164
-3.714744
-4.834455
0.349805
0.320203
-3.622617
0.876583
-1.621734
-1.748886
-1.911705
1.240206
-0.418970
-3.491704
-2.655187
-1.888069
-0.552258
-1.264718
-1.009637
-0.302095
-6.586708
-0.245326
-2.952143
-0.341758
-1.230959
-0.740343
-5.515515
-1.590763
-5.303888
0.202309
2.936297
0.747523
0.133224
0.032582
0.431274
0.638869
-1.187624
-2.365679
-2.189509
-2.437101
-1.123319
-3.238913
-2.873894
-2.734629
-5.502210
0.018797
-3.545484
-1.731427
0.460857
2.099317
0.737351
1.445900
-7.150694
-6.571897
-2.250801
0.820829
-0.034351
-2.054832
1.170967
-5.728065
-0.952172
-4.491950
-7.488161
-1.974239
-1.063528
-4.455351
-0.430357
-2.279135
-1.984082
-2.442282
0.096445
-1.425928
-4.547765
-1.029217
-1.046074
-2.967141
-1.590891
-0.108965
1.267306
-4.078866
-3.185262
-1.874996
-2.458103
-5.164979
0.677579
1.016967
-3.409129
1.130796
-0.677179
-2.390765
0.342085
-8.220900
0.168810
-0.531415
-4.783917
-7.627720
-1.529957
-2.710618
-1.549037
-0.340557
0.086491
-0.266977
-0.086020
-2.586157
2.531079
-1.887997
0.358139
-2.956292
-2.620417
-2.742640
-1.027049
2.470499
-1.739153
-1.426069
-8.975794
-5.843870
0.186316
-2.735921
-5.383997
1.949830
-1.722668
-4.075325
2.669889
-0.972280
-2.960456
-4.580252
1.918027
-3.458791
-2.552539
-3.599723
0.670875
-3.441719
-0.549915
-3.403946
-3.351568
-0.458040
-3.055788
-3.453654
-0.024170
0.089574
-1.509354
1.806575
-0.681078
-4.148046
-3.175266
-5.540612
-1.797118
-2.472858
-0.865475
-3.410120
0.371956
0.975452
-1.253839
-0.086634
-3.931325
-0.129238
-1.961924
-3.941265
0.616298
0.551809
-1.868903
-5.490833
-0.549664
-1.876634
-1.573952
-3.314157
1.677709
1.864012
-2.171499
-7.961851
-2.399997
-3.817790
-3.918548
-1.836165
-7.920763
0.334550
-0.906454
-2.263378
-4.359425
0.433028
-1.090950
-1.021205
-0.805049
-2.182380
-2.629216
-2.601481
-0.563101
-4.099829
-6.996440
2.998449
0.781730
-5.042474
-1.144050
-5.169761
-1.115904
-4.449992
-6.422243
-4.319292
-6.428108
-3.531940
-1.126666
-7.030385
-6.682503
1.224599
-9.025316
-3.040193
-0.964516
-4.235321
0.661292
1.176676
-3.450674
-0.398006
-3.686503
-1.567802
-0.679583
-3.013928
-4.819951
-2.804455
-6.575624
-0.764134
-1.523004
0.348617
-1.847939
-2.519648
-2.866639
-1.481441
0.555691
0.220580
-3.313657
0.129922
-1.368335
-5.020314
-1.433574
-5.958708
-1.084847
-6.759350
-1.694963
-4.381031
-3.437098
-3.574867
-3.731129
0.303665
-3.351201
-0.944766
-2.258032
-4.510578
-2.438665
-4.766493
2.564743
-5.505388
-2.634909
-1.395449
-3.398609
-4.908798
-0.778271
-0.959767
1.971553
-1.822841
-1.009932
-3.020178
-1.513420
-0.022560
-4.295921
-1.113606
-4.496368
-3.510375
-6.755744
-4.124566
1.708782
-4.026326
-4.153108
-3.298256
-0.697342
-5.404666
-2.225022
-2.746807
-2.868522
-4.468050
-0.287797
-5.220154
-2.017428
-7.533752
-0.817139
-7.144546
2.111740
-4.147633
-0.605479
-4.890090
-8.989264
0.116087
-1.428128
-0.522040
-0.714203
0.413469
-5.869512
-4.395852
-5.912298
-8.103687
-5.259713
-4.727480
3.015238
-0.997308
-3.852963
-5.128931
-3.051930
1.804717
-5.425051
-3.164167
-3.503725
-2.001695
-0.484446
-4.763332
-0.484902
-4.207760
-5.019389
-3.592150
-3.098577
-5.492342
-3.209397
1.748409
-0.246539
-5.017466
0.827026
-5.692306
-1.687717
-4.105943
0.446671
-0.234886
-4.803634
-4.083283
-6.299906
-3.067451
1.905202
-1.735164
-2.552857
-0.665418
-4.217129
-3.072590
-2.320442
-5.075067
-3.440852
-0.465001
-4.563854
0.167179
1.986497
-0.705175
-4.763164
-3.008285
-1.382178
-1.918263
-0.731954
-0.562073
-5.520981
0.145278
-0.843683
-0.351032
-5.866171
-3.861698
-0.844274
-0.074723
1.543080
-2.873953
-5.630060
-0.721746
-0.629632
-0.751729
-6.309932
-1.659889
-2.149507
-1.842020
0.340503
-4.925803
-2.740328
-4.242285
-3.404672
-4.176616
-1.088966
-2.711827
0.629676
0.581348
-2.092224
-2.155130
-2.657832
-2.652256
-0.156778
-0.357483
-5.367784
0.094058
-4.746805
-1.666934
-3.439485
-5.630494
-2.355682
-7.498800
-4.058598
-3.077345
-0.592295
-5.733442
-4.769053
0.069857
-2.176732
-1.551813
-2.610359
-7.018463
-1.713013
-1.867557
-2.045686
-0.113137
-2.377314
-1.373442
-2.944608
-4.897977
-1.470590
-4.151772
-1.375129
-2.370232
-1.805338
-1.401989
-2.054647
-0.658302
-4.110363
-0.433921
0.099579
-8.905761
-2.358994
-1.652586
-5.175587
-3.673520
-4.749989
-5.137126
0.523156
2.457546
-2.464276
-0.554256
-0.844682
-5.061315
-3.972577
-1.560451
-5.932930
-1.351304
-8.971087
-2.983569
2.173221
-4.424898
1.161647
-0.620971
-2.515635
-1.201508
-2.523246
-0.840765
-5.484254
-3.409213
1.697605
-1.292717
-1.600902
0.425914
-6.574678
-6.127806
-1.735908
-0.612285
-1.315248
-3.639994
-7.857275
-0.877585
-1.475484
-2.923423
-3.762574
-5.053153
-3.262820
-1.069454
-2.900416
-1.823180
-2.342281
-1.181531
-0.801348
-2.725418
-1.590233
-3.757407
-4.115789
-1.159934
-4.193818
-0.131638
-5.757610
-0.891384
1.228824
0.775054
-5.775651
-2.680617
-5.209708
-2.721494
-4.954240
-8.271534
-3.591399
-0.631690
-2.585087
-4.522618
1.504826
-4.552588
-1.899103
-2.752342
-2.128037
-2.465336
-0.771064
-2.900225
-0.242734
-1.042100
-1.637468
-4.075257
-3.226283
-3.016743
-2.356430
0.024800
-0.364407
0.085309
-3.154928
0.573957
-8.336037
0.272080
-1.026520
-2.898840
-5.468469
-4.509694
-3.165890
0.576549
-8.316135
0.898584
-4.230750
-1.541038
-1.497581
-1.976496
-0.735941
-1.594273
-4.560800
-3.018163
-2.570281
-5.259967
-7.660279
2.119726
-2.945511
-2.700204
-5.127059
-3.839915
-0.369269
-5.144562
2.297748
-2.087490
-4.324726
-4.438456
-2.423218
-0.004555
-0.033248
-9.150362
-1.111291
-2.407472
-0.409552
-0.940944
-4.723840
-5.246632
-5.198787
0.165076
0.416816
-2.511017
-3.169232
0.845551
-2.667738
-1.141454
-2.637605
-1.204156
-4.212458
1.351346
0.404699
0.898620
0.197665
0.451822
-6.667823
-0.836457
-3.974279
-0.170864
-5.723089
2.282367
-3.376792
0.420524
-7.242102
0.073759
0.777170
-4.242512
0.179991
-0.894898
0.355208
1.055429
1.616847
-5.086538
-4.778533
-0.624778
-4.480690
-3.682179
-1.328489
-3.661000
-2.365141
-3.569861
-1.609398
-5.539484
-2.411934
-2.503737
-0.131063
1.145574
-5.738964
-2.266998
-5.144681
-1.238244
-6.394353
-0.381796
-2.362133
-2.757173
-1.928916
-4.124701
-3.486967
-4.863889
-1.488256
-6.838060
-2.401132
-2.879390
-2.425989
-5.116622
-3.998962
-6.132008
-0.843700
-3.381500
-5.813719
-5.348974
-0.319785
1.253609
-2.734197
-2.133209
-4.748997
-4.415848
-3.749441
-0.408424
-0.956133
-0.148715
-1.349854
-0.966507
-5.227230
1.727620
1.034147
-1.862349
-1.558414
-3.962884
1.344149
-0.470310
-1.320807
-3.268319
-5.925920
-1.422260
1.736922
-4.160904
-2.987399
2.999363
-5.059189
-2.916824
-4.115817
-2.648354
-0.479423
1.088520
-3.168480
-2.593583
0.297811
-4.069215
1.435144
-7.601615
-3.494226
-6.051652
5.086939
-0.019538
-4.754459
-0.020909
-9.169492
-3.301981
-4.446274
-9.107409
0.412709
-6.094527
0.585812
-6.171850
0.418627
-0.546872
-3.387615
-0.858925
-2.165199
0.429592
-0.745948
-2.706878
-3.851996
-8.247877
-0.788555
-3.514802
0.643322
-1.082712
0.742751
-2.692440
-1.050795
-2.207801
-3.069475
-3.417203
-1.292560
1.845028
-1.432604
-3.968780
0.765112
1.093493
4.320979
0.336239
-0.477315
-0.707249
-2.912330
-0.561883
-3.158281
-1.506857
-3.330241
-7.688101
-5.932403
-2.112767
-1.020044
-1.755581
-6.031985
-4.701099
-0.007230
-3.977722
-1.053534
-2.059943
-3.276702
-1.272523
-2.440240
0.995341
-2.138779
-6.009917
-1.185265
-5.001793
-6.653984
-1.776169
-3.391581
1.099965
-3.846684
1.356633
-5.449943
-2.251705
-0.586634
-1.509997
-4.900608
0.880902
-1.924827
1.586227
-2.616293
-4.994740
-1.294937
-0.587511
-4.473343
-1.554951
-1.954137
-3.242901
0.476852
0.365019
2.792159
-1.198988
-2.958889
1.700672
-1.246987
-5.338567
-5.955107
-4.390863
1.490025
-2.624698
-5.506424
-3.073816
-2.686557
-1.994105
-5.052207
-3.026179
-3.323567
-2.831962
3.578269
-3.746099
-1.546615
-3.138170
0.607677
-2.123528
-1.946654
-2.803311
-6.047774
-3.202272
-5.769302
-2.862061
-6.564835
-5.679475
-1.329503
-3.114558
-0.139731
-1.619486
-3.293119
-3.545235
-4.583715
0.502466
-1.651967
-0.718024
0.891213
-1.675432
-5.613471
-1.194821
1.483045
-3.066923
-5.104431
-0.297644
-3.365353
-0.175012
-2.405767
-0.247206
-4.119135
1.530692
-0.800310
0.480060
-3.297287
-3.588310
0.404408
1.224437
-3.493915
0.439271
-0.495035
-3.648831
-2.283621
-3.871467
-3.297050
3.307774
-1.400771
-3.505294
1.735636
-7.044618
2.103796
-4.354583
-3.195537
-0.577255
0.539856
-1.065921
-0.809752
-0.659105
1.193774
-6.885967
-0.606655
-3.836118
0.271877
0.702668
0.311616
-0.320302
-3.946806
0.062764
2.004085
-3.945177
2.648787
-2.425136
-4.418406
-2.491581
-2.329773
-0.762469
-5.144792
-1.974553
-1.750322
0.042889
0.309290
1.449357
-1.023584
-5.743293
-4.427749
-1.377615
-2.833959
-3.428348
-2.016287
-4.797853
-0.323371
-3.000313
-4.300698
-1.852128
-5.726855
-4.356411
-2.941004
1.937866
-0.654155
-1.473745
-1.255440
-0.240090
-2.249675
-1.989383
-1.606131
-4.175745
-3.722956
-2.030834
-2.680202
-1.797390
-1.344228
-1.168289
-2.226650
-5.264300
-4.799016
-1.610378
-0.908923
-2.061433
-6.466782
-6.963331
4.870840
3.549509
-1.241633
-1.069913
2.147196
1.572752
-5.063321
-1.009442
-6.428483
-4.747195
-2.805875
-3.603291
-5.260637
-1.217058
-0.077207
-4.712131
-6.715854
-3.297721
-2.469471
-2.027680
-6.368806
-1.780681
-4.145089
0.883785
-0.954697
-3.456141
-1.331637
-2.614911
0.757829
-2.659086
-3.865873
-1.573472
-6.048744
2.144758
-8.409065
0.970058
0.563598
-2.407829
-0.576986
-1.044310
-2.416820
-6.564250
1.024457
0.311905
-2.303031
-0.336294
-5.995314
-0.692410
-5.189671
-3.721895
0.895266
-3.750461
-4.208549
-1.449062
0.361402
1.879442
-4.002182
1.021720
-3.473437
-3.910815
-0.449995
-4.940708
-3.899318
-3.318612
-2.806072
0.622359
-2.443366
-6.102293
1.005417
0.801238
-0.878967
-1.299180
-1.142956
-2.177776
-5.630827
-4.381455
-0.712591
-4.484535
-5.520953
0.839847
-0.097845
-3.194652
-2.221162
-6.575373
-4.005595
-1.788019
-4.478725
-0.648390
-0.145978
0.448689
-1.259538
-2.331980
-2.639204
-1.910704
-1.822262
-0.731072
-4.743700
-3.110852
-0.302993
-1.482768
-1.837659
-0.896118
-0.642104
-1.647758
-1.498015
-2.182956
-1.464655
-1.999746
-1.383871
-4.659628
-0.268911
-0.324066
-1.243024
-2.843806
-1.237907
-2.282795
0.944337
1.292937
-2.231492
-4.327931
-2.577489
-6.108827
-4.952547
-0.721247
-4.941317
-2.925907
0.089628
2.765544
-3.602314
-2.881585
-0.626174
-5.465965
-5.559687
1.261645
-3.000792
-2.694091
-4.918001
-0.638086
-2.030927
-8.223758
-3.739753
0.206157
-8.671643
-3.535680
-0.172888
-1.943224
-1.483675
-3.727076
-2.652422
-2.340846
-5.829881
-5.967566
0.909674
-5.057076
-3.715493
-0.149195
0.600297
-3.027204
-0.579344
-7.599755
-2.553253
-6.704022
-4.660187
-3.169901
-1.661850
-1.054920
-4.748228
-2.630499
-2.718510
-1.778509
0.752036
-2.941860
-3.889082
-0.262963
-4.886662
-8.707158
-0.646092
-2.262954
-4.527032
-3.410101
-2.046768
-4.279824
-1.323684
-3.245613
-5.079020
-2.874951
1.857738
-4.435410
-5.829428
-1.303179
-3.954797
-2.537219
-3.816455
-0.157943
0.715258
-3.682576
-1.597406
-0.848629
0.749689
-1.066427
-5.238239
-4.643216
-0.838646
-1.451036
-5.235659
2.137985
-0.085050
-3.008930
-3.320822
0.014316
-0.885913
2.892979
-0.160959
-0.051083
-0.263882
-1.283343
-3.352395
0.274578
1.438815
-8.273390
0.161969
0.872466
-1.173759
0.402118
-0.230315
-1.167114
-2.278166
-8.571223
-1.750547
-0.892441
0.461992
-3.840920
-2.731068
-2.109736
-1.745777
-3.052924
-4.778417
-2.129557
-0.094364
-7.997732
-4.258348
-0.973649
-2.013933
0.567993
-7.056015
1.830339
-4.459149
-5.134895
-5.362474
-1.890475
-6.251457
-0.375698
-1.226885
-2.215035
-1.904683
-3.630502
-0.460617
-0.870617
-3.474125
-1.823676
-1.234815
-5.309515
1.378115
-8.542403
-3.210502
-8.082571
-1.952052
-0.585771
0.513804
0.569230
-1.736894
-5.605013
-4.432269
-0.688098
-0.449961
-3.179688
-3.972821
-4.363386
-4.246629
0.648902
-0.385185
-7.573081
-2.767140
-6.147878
1.964742
-4.933286
-1.888143
-0.069194
-8.444307
-4.303888
-3.748867
-5.359937
-8.572575
-4.164081
-1.556561
-1.319409
-3.896102
-4.158427
-5.282944
-0.766221
2.076435
-1.815675
-4.186914
-3.718450
-5.283164
-0.728304
0.627322
0.076610
-4.879038
-0.241196
1.192798
0.676210
-1.521477
-3.161372
-5.163927
-2.210320
-1.510287
-4.160508
-4.901265
-1.604477
-4.390236
-0.391018
0.753610
0.759798
-5.150813
-1.629804
0.002835
-0.199324
-3.262428
-6.266386
2.142212
-2.250217
0.013501
-0.768622
-8.313689
-1.431454
-5.447672
-2.812150
0.601656
-2.274327
-1.522112
0.280975
-0.245529
0.518146
-4.946352
-2.032003
-3.826754
-1.715810
-7.529785
-8.938211
-0.531038
-5.476654
-3.513661
-0.180143
-2.592241
-3.804633
-3.191602
-5.326628
-6.011583
-3.648372
-5.859527
-6.510713
3.242741
-1.291806
-4.266426
-6.291331
-3.267729
-0.545102
-1.528016
-4.102654
-0.457874
-4.597295
-5.038627
-0.274695
-3.499686
0.483739
-0.901732
-3.103390
-2.287487
-4.420690
0.377113
3.406740
-2.716949
-1.917877
-0.700690
-4.323531
-0.988143
-2.816660
-4.115652
-3.923583
-3.265214
-1.440991
-0.646943
-1.782630
-0.726786
-2.099035
-4.187237
-0.604458
-0.929018
-7.151942
-0.681844
-3.633467
0.911009
-4.686730
-1.188669
-0.438329
-5.253154
-5.256794
-4.659668
-1.937698
-3.186331
-1.118713
-1.571335
-2.987817
-5.638098
-3.290361
-1.640811
-4.209024
-3.810045
-2.027086
-4.876964
0.599792
-0.363598
-3.726362
-3.057702
-2.484934
-2.643566
-3.716907
-0.945738
-2.355330
-3.538219
1.955758
-3.513608
0.633555
-0.036206
-1.396141
-2.643491
-2.141042
-4.540677
-0.390315
-5.862406
-0.093935
-4.443641
-3.377595
-5.220770
-4.318768
0.526731
-8.709502
-6.935143
-4.562048
-3.650872
0.059109
-1.756650
0.231258
-2.553626
-0.968830
-1.803394
-4.268108
-1.905751
0.235197
-1.427256
-5.050873
-1.395272
-4.380205
-1.861481
-3.476238
-0.187743
0.760192
-5.057995
-4.792345
-0.832092
-7.352086
-3.088719
-4.640688
-3.908678
-1.374701
0.518735
-2.759422
-0.093282
-5.137132
-5.467919
-1.074260
-3.482750
0.673947
-3.565009
-0.937235
0.850738
-7.458380
-3.006110
-2.626567
-0.701147
-8.842195
1.586161
-0.799258
-0.123688
0.681912
-7.855542
-4.180261
-6.528837
-2.661384
-1.505966
0.197003
-2.496680
-3.253474
-2.311387
-1.315687
-2.935252
0.244517
-0.143758
-2.984338
0.446339
0.747911
-2.951320
-3.138644
-4.267219
-0.267576
-0.344261
-7.345627
-2.677975
-3.251918
-1.482280
-1.722347
-3.970265
0.078998
-0.490816
-4.200991
-2.911667
-3.778320
-1.520042
-3.412455
-4.817576
-4.272485
0.124774
-4.951661
0.925123
1.196200
-3.854870
-1.265872
-1.720557
-0.200248
-3.781371
-3.573697
1.184077
-0.926955
-4.835900
0.758042
-5.147853
-2.325233
-2.843477
2.230356
-2.360019
-1.585676
-4.297685
-0.932509
-0.631657
-3.027077
-4.014880
-4.798928
-2.060683
-2.795963
-0.939113
-2.028021
-2.636612
-2.251731
-4.113821
-3.741806
-2.211192
-2.810661
-2.594556
-2.766762
-3.558963
0.020144
-3.977955
-3.210582
-2.927112
-2.344709
-0.735351
1.137275
-4.161811
-2.442175
-0.810394
-2.160836
0.460302
-3.818841
-6.623417
-5.494167
-3.181775
-8.224438
0.054031
-4.775158
-3.398831
-4.113100
-3.558382
0.583116
-8.598175
-0.152372
-1.238569
0.575002
-3.784184
-0.409950
-1.775749
-3.164721
-0.430538
0.988223
-4.081635
-4.360619
-4.947303
0.584762
-4.154749
-2.725327
-5.973769
-3.376755
-0.531338
-4.451568
-6.854009
-9.184047
-3.302057
-8.607419
-3.510809
-5.257135
-2.162519
-0.498530
-0.499619
-4.052263
-3.340135
-3.965045
-2.413156
-1.529459
1.270645
-1.295303
-7.760159
-3.698873
-1.304428
-4.933017
-1.158580
-4.998746
-7.181018
-2.947847
-2.208021
-1.044400
-3.624551
0.621689
-0.689462
-4.220060
-3.329817
0.655426
-1.503615
-7.771438
-3.411237
-3.501696
-0.235598
-1.064016
-5.378936
-2.613886
1.420959
-3.370252
-5.291696
-2.431621
-1.767321
-3.628249
-4.455338
-2.250453
-5.858838
-2.303481
-0.734155
-2.519001
0.791447
-1.873693
-3.771946
-2.995213
-3.124845
-2.269360
-5.722778
-2.700428
-6.867661
-5.706129
-2.900262
-3.748667
-1.278094
0.638983
-2.266279
-2.340252
-2.318573
-2.809566
-0.028072
-0.020797
-4.317554
-2.260295
-0.698044
-3.738041
-5.552424
-0.026786
-5.375014
-1.156718
-2.223735
-2.303256
-0.657218
-4.239628
-2.292029
-1.985390
-2.336430
1.595232
-2.264760
-2.225482
0.767280
0.587905
-1.041771
-3.203347
-4.732702
0.346005
-2.669388
1.757162
-5.024868
0.130236
-2.269406
0.522370
-3.610270
-7.850093
-4.326385
-4.699155
-5.215237
-0.149438
-0.365283
0.756793
-0.312860
-3.948520
-2.424350
-8.568234
-3.118793
-1.076787
-0.132987
-2.190229
-1.202942
-4.641157
-2.415059
-4.003968
-6.444449
-2.905097
-8.489729
-0.082637
-4.056264
-7.102528
-3.774969
-1.128941
-3.812664
-2.732405
3.147290
-4.095106
1.343549
-0.276154
2.188968
-0.411480
-1.478816
-3.061426
-6.639124
-3.776412
-8.160001
-3.981725
-0.982472
-5.188007
-3.110440
-2.710443
-2.962283
-2.077593
-9.172587
-8.907367
-6.710939
0.444899
-1.917471
-1.477192
-0.588353
-0.018473
-3.163523
-2.033874
-4.059020
-3.467251
-0.859299
-1.203319
-2.648756
-6.211916
-3.444870
-3.864314
0.365594
-1.131162
-5.584487
-0.016285
-4.377146
-0.312558
-1.197459
-1.004028
0.401294
-3.879794
-1.893534
-2.990521
0.686481
-4.041444
-3.519331
-5.104385
-2.624912
-4.887425
-0.140355
-4.386603
-3.013398
-2.195994
-4.070114
-1.405312
-1.890775
-1.907879
-3.196856
-5.178618
-4.724730
-6.879791
-3.480641
-3.943419
0.873911
-2.931072
-3.864815
-4.192090
-5.715423
-7.219560
-5.447149
0.371045
-3.353838
-0.327389
-7.677287
-1.555317
-8.121159
1.206097
-4.289533
-3.645483
-0.209926
-2.123246
-1.475170
-2.637987
-3.945252
-4.655604
-4.125996
-1.638740
-1.273281
-3.167576
-4.659944
-4.612897
-0.962231
-2.572167
-2.189669
-3.252361
0.557005
-7.978837
1.614808
-1.100994
-4.232700
-1.219705
-5.630770
-0.011297
-0.651973
-2.561062
-0.756652
-0.832032
-2.028505
-4.927492
-2.362372
-0.859046
-0.312194
-1.479366
-4.306371
-2.069842
1.274243
-6.809217
-1.589280
-0.371886
-4.914010
-4.180860
-2.229975
-1.539364
-3.304015
-5.563235
-2.215177
-4.777874
-0.678531
0.486409
-1.757985
-2.350196
-3.941337
-3.475425
-1.034809
-1.836036
-1.298024
0.802588
-0.341579
-4.437808
1.156593
-3.320639
0.580991
-3.553568
-1.423855
0.321860
-2.843498
-4.844679
0.968615
-2.841709
-5.114660
-1.069520
-2.647863
-0.793714
-2.728331
-5.725004
-3.229015
-2.442103
-7.731726
-8.766625
-1.301157
-4.196715
-1.723835
-3.518189
-4.039839
-1.956918
-1.634147
-2.748532
-3.851134
0.892013
-4.778078
-3.007413
-4.476927
-1.954941
-0.521553
-0.355035
-3.823672
-3.275517
-0.822930
-4.226609
-4.374997
-7.765457
-5.034743
-2.058862
-5.180730
0.362158
-0.278533
-2.070162
-4.994360
-3.444663
0.472647
-2.228857
-2.214096
0.295617
-2.335437
-2.720899
-3.839458
-2.858932
-2.597598
-2.920189
-3.991229
0.458129
0.152936
-0.454782
-6.451386
-3.286197
-5.558651
-3.991392
-6.135477
0.635885
-8.229834
-3.887096
-1.693238
-1.401738
-8.207921
-5.697128
-7.087193
-0.096152
-1.107318
-3.614939
-3.752939
-3.831050
-2.448349
-1.624203
-2.485930
-2.419944
-2.700190
-1.822985
-3.660225
-4.231464
-3.357356
-1.718840
-3.088464
-1.910029
-3.296959
-0.000232
-8.469604
-2.165505
-4.019196
-3.347135
-3.562371
-2.971003
-5.357174
-4.297933
-8.053679
-5.833940
-5.720454
-2.869133
-0.424729
-5.416477
-3.279098
-5.570235
-0.631418
-3.722006
-1.501965
-1.168110
-2.651700
-0.446517
-2.905351
-1.783719
0.424302
-6.166031
2.140221
-4.968427
-3.729436
-2.459004
0.374867
-4.113176
-1.228957
-1.069316
-5.035745
0.192038
-0.084109
-1.844902
0.611556
-0.590277
-1.398890
-3.012743
1.015650
-1.804137
-5.271092
-0.423624
-1.544826
-6.205996
-5.651348
0.074391
-2.705777
-2.912415
-2.094250
-1.111282
-3.995259
-2.063969
-4.933352
-4.256150
-1.680671
-1.480099
-4.644439
-3.884061
-5.278422
-0.510657
1.919045
-0.985744
-1.426279
-3.979338
-1.731640
-2.683653
-4.657279
-2.302459
-2.453597
0.925650
-5.059733
-6.319087
-1.079465
-4.605310
-3.854469
-1.331221
-1.485467
-3.861886
-2.441690
-4.772614
-6.648658
-1.276405
-0.449861
-1.237048
1.098304
-0.494490
-1.978064
-1.679644
2.387003
-0.147781
-3.051145
0.100401
-5.089114
1.143982
-4.331539
-3.701205
-0.661371
-1.600386
-1.628771
-2.036641
-1.861639
-4.108458
0.007212
0.017601
-6.160758
-1.754195
-1.702384
-0.686319
-0.922566
-4.953326
-2.551752
-2.972945
-3.565506
-4.320855
-1.939282
-1.665809
-3.628997
-0.367755
-6.943779
0.526386
-0.278611
-1.632495
0.297943
-0.943955
0.602568
-2.076619
-2.205993
-1.559807
0.053669
-4.065280
-0.182416
1.482227
-1.945401
-1.187450
-4.283446
-3.671437
-3.143211
-1.802880
-1.264723
-4.077632
-3.829142
-4.706923
-1.430835
0.000488
-3.117158
-2.073550
-0.246741
-0.932929
-2.198614
-4.063266
-5.123577
-1.241750
-1.506491
-4.384340
-0.460901
-5.408772
-0.722190
-6.106032
-2.328094
-3.586959
1.513789
-1.996039
-2.833681
-1.517911
-1.374124
-0.468708
-5.077606
-4.263907
-3.561320
-7.312950
-2.894094
-5.089304
-2.052247
-3.185549
-2.634588
-4.168755
-1.784573
-3.442166
-3.603664
-2.492455
-2.028402
-2.911333
-1.352811
-3.891800
-1.054304
-0.105793
-4.683113
-2.215819
-2.855619
0.147004
-8.656696
-3.750105
-1.260516
-6.909610
-0.740290
-5.252635
-5.238361
-5.338712
-0.648436
-2.449621
-2.106252
-4.828229
1.054683
-0.880816
-4.479707
-2.450985
-8.581751
-0.243730
-1.488587
-4.689121
-0.720838
-2.341394
-5.602064
-0.246890
-0.840352
-5.275370
-4.659278
-2.769271
-5.228739
-4.064195
-4.170760
-4.009121
-1.104302
-3.164075
-4.089995
-5.524289
-3.898163
-0.917685
-3.105440
-3.964437
-1.056751
-5.563462
-5.459630
-1.612456
-3.746875
-2.856121
-4.258281
-1.727694
2.019484
-4.813646
-0.272212
-6.319178
-1.606211
-3.306999
-1.865341
-3.592523
-2.817680
-1.468426
-0.442709
-0.125189
-3.513701
-3.125335
-5.018326
-2.279691
-0.127404
-8.654008
-2.136571
-4.138420
0.129465
-2.489166
-5.955610
-0.514310
-1.059223
-1.118397
0.178339
0.101828
-1.645423
-0.485267
-0.838728
-8.660080
-4.109448
-2.306912
-5.187061
-7.424291
-0.714382
-8.968985
-4.687339
-3.043373
-4.447583
-1.417576
-3.482414
0.503138
-4.029499
-3.305452
-7.897893
-1.008870
-0.437482
-3.186886
-0.752819
-7.616848
0.239825
-2.890711
-4.056592
-3.594488
-0.367949
-7.721539
-0.486577
0.295585
-1.556396
0.215604
-7.754308
-4.797793
-4.093439
-2.190541
-0.850206
-3.734102
0.008385
-1.478999
-2.968166
-2.744870
-3.121624
-2.165140
0.242864
-4.747887
1.884827
-0.181244
-5.119379
-1.280125
-2.102310
-0.147065
-0.916936
-2.815746
-4.897670
-0.881893
-4.464272
-0.741374
-4.291800
-3.251096
2.310253
-1.990268
-1.962895
-1.964974
-8.335795
-0.133704
-1.396528
-1.046171
-6.014865
-2.624272
-3.235843
-0.230867
-4.352801
0.112983
-2.863107
-4.166767
-0.281343
1.307774
-3.024920
0.866224
-5.748929
-3.962606
-4.733195
-1.113053
-1.304777
-0.851320
-2.575843
-4.362508
-3.557576
-2.209986
0.952797
-3.111288
-4.456359
-3.211037
-2.314074
-2.666615
0.089927
-0.683037
1.782976
-1.910008
0.981268
-4.482450
-1.958855
-7.831107
-3.276781
-4.056591
-1.482977
1.306331
-5.114984
-7.317428
-5.325785
1.772268
-2.183371
-4.642483
-1.618107
0.148414
-1.695313
-1.126460
-1.301748
-6.037757
-1.411592
-2.176729
-2.677366
-1.286803
-2.924716
-2.494683
-0.338369
-3.965334
-2.203010
-1.152333
-0.166028
-0.115550
0.503025
-0.298836
-2.966276
-6.258572
-0.876937
-0.993695
0.419527
-2.142787
-0.524778
-0.920654
-4.562106
-3.244677
-5.998936
-3.322787
-5.537112
-0.770363
0.296598
1.252071
-1.501432
-4.201245
-2.850833
-1.463641
1.453643
-1.671347
-0.040785
-2.129093
-7.243439
-3.141528
-2.390893
0.576293
-5.329509
-2.042165
-5.653790
3.240325
-4.425813
-5.409013
-6.112668
-2.681328
-1.908000
-7.891702
-4.550846
-4.315435
-2.315485
-3.836926
-4.168743
0.498609
-0.621267
-0.327561
-5.939179
-0.367624
-0.413487
-0.761018
-2.565300
-2.039297
-5.508134
-7.234277
-2.051605
-0.019500
-3.797979
-0.077880
-3.455460
-0.412074
-1.657025
0.559803
-0.953734
-2.584106
-2.284651
-7.958776
-0.546762
-4.443228
1.774053
-3.418338
-0.552482
-6.666133
-1.029739
-2.518966
-0.758591
-1.461527
-1.806770
-2.434446
-0.559907
-1.915969
-7.569403
-6.005640
-0.687922
-7.373682
-3.767871
-2.231233
-1.824752
1.464720
-7.013547
-4.101746
-4.383378
-2.375357
-3.033740
-1.375592
-0.837262
-3.718779
-8.127315
-0.552987
-1.724266
-6.304822
1.216102
-3.762425
-4.516199
-5.647281
-2.302662
-1.972153
-4.387774
-1.676970
-3.718262
-1.383842
-4.418631
-1.820780
-1.262221
-4.464540
0.906204
-2.823073
-3.939058
-4.837631
-2.090325
-3.675531
-3.991207
-3.257365
-1.357387
-3.506402
-2.090220
-0.785797
-1.621824
-2.326669
-2.673519
-2.798501
-3.272616
-2.241215
-2.348733
-5.063952
-0.455877
0.534766
-3.296778
-1.594070
-2.168116
-0.272224
-3.538614
-3.111725
-3.551754
-1.512267
0.681212
1.819255
-0.947814
-2.333550
-0.590255
0.322967
-1.331006
-0.544235
-6.635024
-4.813344
-3.058188
-7.158688
-5.044933
-1.800770
-1.305574
-0.054709
-6.050001
-5.019428
-2.943725
-0.536418
-3.397811
-5.019206
-0.574770
-0.510614
1.245031
-2.065482
-4.968762
-5.761285
0.521110
-1.225969
-0.689572
-3.829624
-3.825665
-1.105886
-3.867002
1.078354
-6.198995
-2.448047
-1.626422
0.753462
-7.302366
-1.660955
-0.595281
-1.567159
-0.475173
-5.558463
-0.952652
-3.064902
-1.356560
-5.262443
-5.457123
2.131792
0.858636
-3.561753
-4.324128
-0.634116
-0.482872
-1.554328
-9.443840
-4.103651
-2.796610
-5.385606
0.918937
0.514547
-2.787728
-2.768586
1.689114
-4.429748
0.156671
-3.003546
-0.995212
-8.191551
-3.683899
-6.464623
-2.125886
-4.701611
-6.126295
-1.852036
-4.532452
-4.708644
-1.540300
-0.575677
-0.736375
-3.944072
0.139489
-3.603142
-2.866260
-6.288249
-2.042812
-4.362115
-1.251698
-0.757936
-4.549905
-3.805763
-1.799513
0.500508
-0.341763
-1.540678
-6.325044
-3.961454
-3.487870
-6.793568
-1.589615
-6.046633
-6.047403
1.111667
-2.677052
-2.388438
-2.589495
-4.083581
-0.531086
-0.596623
-1.146290
-2.615659
0.828191
-1.899070
-0.409218
-8.119844
0.678451
-3.299614
-1.529021
-0.631651
-3.614347
-0.686648
-2.050759
-1.067507
-1.493905
-4.950771
-2.378114
-3.549848
-1.164318
-3.839922
-3.187693
-2.460677
-2.807491
-0.729199
-3.417734
-5.539474
-1.871464
-2.962178
-3.720155
-5.474761
-1.238397
-3.736066
-0.690721
0.740117
-3.129366
-2.050511
-1.482301
-0.869454
-1.605254
-9.169668
-7.609487
-2.026329
-2.483424
-3.441119
-1.089800
-0.908907
-4.956110
-2.239955
-1.237790
-2.014869
-3.015049
0.068096
-4.219125
-4.539975
-6.129395
-4.430357
1.037535
-2.516193
-8.363165
0.704961
-5.001849
-1.435045
-5.648945
-1.894050
-5.083433
-1.898236
-5.558029
-0.793763
-1.129660
-5.767514
-8.497403
-6.672531
-2.126484
-0.652389
-1.088917
-0.643156
-2.757506
-2.203472
-1.483726
-0.156962
-2.083264
-8.847617
-0.744422
0.734794
-5.955319
-3.017382
-2.155012
-0.426221
-2.799739
-3.021490
-4.413664
-5.014342
-2.013334
-2.783690
-0.397097
-2.010587
0.456573
-1.291732
-3.595749
-7.820526
-3.935039
-3.228853
1.271238
-2.274086
-5.611400
-0.465700
-5.710923
-4.439456
1.735446
0.053219
-3.516771
-0.063756
-1.020890
-6.427100
-5.365871
-5.117930
-6.224125
-0.031509
-0.641118
-5.096167
0.432982
-1.453318
-0.399253
-1.389763
-1.051935
-5.538948
-3.911143
-3.313750
-5.955712
-2.253088
-6.246109
-2.394192
-5.657225
-6.376239
-2.002622
-6.118643
-1.820272
-2.328213
-4.507026
-0.204154
-2.679457
-3.026514
-4.955120
-1.495349
-1.561208
-6.118560
-0.237337
-7.444071
1.824966
-5.747711
-1.951232
-1.469306
0.827913
0.460501
-3.712728
-4.299529
-4.823013
-3.671702
-6.862427
-4.219423
-4.592349
-3.732237
-0.839078
-5.798237
-5.022380
-2.651042
-5.584185
0.818468
-1.440775
-3.250643
-3.757622
-0.178898
-3.376526
-0.844007
-3.090733
-9.142126
-7.253872
-2.832675
-5.182430
-7.565475
-2.554794
-7.509872
0.308599
-2.544440
-1.986512
-0.810873
-0.488444
4.453215
-3.803734
-5.598315
-8.073818
-3.505879
-8.477140
-0.279116
-2.123210
-4.816842
-4.789437
-0.241958
-4.335549
-1.555292
-5.118495
-8.019382
-1.715687
-2.153497
-5.297333
-1.408643
-3.046098
-9.207332
-3.142541
-8.451924
-2.418292
-2.760653
-1.169369
-3.764914
-2.978955
-1.662457
-5.860591
-5.120155
-0.854400
-3.108432
-2.517546
-3.186272
-5.694287
-4.356052
0.370725
-7.278885
0.213330
-3.247674
-1.941157
-5.030612
-3.061745
-3.634488
-4.663013
-4.115421
0.348867
-1.411680
-1.210222
-2.086765
1.424348
-4.351693
0.206987
-2.390541
-3.084173
-0.803339
-2.183113
-0.586569
-4.918366
-2.201012
-3.795461
1.411180
-5.342344
-2.531203
-1.411343
-5.116883
-2.074938
-2.378859
0.315475
-5.008751
-0.135511
-2.137860
-8.291408
-2.146800
-1.730233
-0.559168
-0.337036
-1.489548
-1.717738
-2.437013
-9.043078
-4.935384
-1.080408
-1.753458
-1.608927
-3.409205
-1.157660
-7.205012
-1.713058
1.772400
-4.841422
-0.259846
-0.405047
-2.644125
-4.828739
-7.364267
1.254456
1.309806
-2.451979
-3.041870
-2.941031
-3.315965
-4.067028
-2.121022
-2.025234
-1.866761
-3.073975
-0.214245
0.984970
-3.133034
-1.181601
-9.212625
-6.681445
-6.297673
-9.255455
-6.424916
-1.511623
-1.387443
-5.600849
-0.724152
-4.137293
-2.251585
-0.437477
-0.622431
-2.645760
-2.270181
-3.218672
-2.628002
-0.615454
-1.428474
-8.577549
-4.097774
-1.313992
-3.278507
-1.908123
-2.621254
-5.332772
-2.470632
-6.676433
-0.521166
-0.701475
-8.325767
-3.349061
-1.703555
-1.832027
-0.008867
-2.057583
-9.407299
-4.430181
-2.806911
-5.885643
-1.523169
-0.839089
-3.561139
-2.946678
-6.625415
-2.520072
-8.186694
-4.905063
-0.948278
-3.017979
-4.275578
-2.934614
-4.452600
-1.750606
-5.253731
-1.588997
-0.293739
-0.463157
-3.762023
-4.353802
-0.102412
-2.666408
0.569919
0.342231
-3.563963
-1.862085
-1.394588
0.158376
-7.811685
-3.335807
-1.618483
-0.839247
-3.598936
-1.410259
-3.841627
-1.996783
-2.834841
-0.153524
-1.080007
-1.697027
-8.838363
-3.143958
-1.921346
-4.585493
-2.012606
-4.936546
-2.129744
-0.527963
0.370286
-8.705622
-1.423847
-1.936835
-3.684497
-3.948813
0.534849
0.353076
-7.434907
-2.635358
-2.148866
-2.255086
-2.183302
1.704868
-4.694330
-2.632209
-2.808636
-1.668118
-4.127071
-1.510118
-1.331560
-3.421306
-3.131564
-1.860703
-1.774141
-3.466230
-2.544652
-2.773734
-1.309488
-1.038636
-4.853443
-1.871698
-1.590359
-2.382867
0.249225
-0.111340
-2.153596
-1.124350
-6.221662
-4.716819
-2.734472
-5.624826
-0.904513
-2.276469
-4.140202
-0.060231
-4.125734
-2.084649
-1.397435
-0.813118
0.233124
-1.578365
-2.467710
1.009467
-2.066887
-2.689328
-8.169744
-1.577306
-2.421733
-1.745997
-0.083592
-3.129569
-3.682229
-2.674253
-2.650506
-3.293497
-1.471981
-2.206370
-3.651054
-2.482515
-1.545210
-3.125660
-4.690533
-4.447134
-5.603946
-0.658865
-3.502846
-0.409958
0.754135
-0.869026
0.828333
-5.142175
-1.034737
-3.616424
-2.445655
-2.462258
-1.255425
-3.329370
1.124474
-1.446391
-3.836746
-1.227668
-8.594106
2.536905
-5.562594
-0.283036
-2.243578
-3.180704
-5.127593
1.414952
-2.226460
-6.736966
-4.166956
-2.490719
-1.472343
-8.619637
-6.730699
-1.182185
-6.311988
-1.616207
-1.964221
-2.720472
-0.580045
-1.595399
1.645750
-1.027463
-2.960818
-1.154505
-1.665795
-2.575497
-0.725261
-0.625061
-3.199732
-3.914525
-4.975362
-1.061467
-0.381747
-5.569180
-2.009757
-1.154927
-8.958261
-2.112641
-4.039674
-2.628188
-1.967019
-1.328713
-0.094205
-9.855681
0.549419
-0.816635
-2.549830
-3.601639
-0.917161
-1.707645
-4.297084
-1.940399
-4.517045
-4.424642
-2.118316
-1.972004
-2.184502
-6.652477
-1.735581
-0.743410
-4.731538
-0.973935
0.234672
-7.414302
-5.594493
-5.928201
-3.630880
-2.929969
-2.593542
0.125339
-4.302608
-0.567001
-2.107739
0.240534
1.620268
-1.724847
-3.182076
-2.031367
-3.963239
0.275516
-0.976134
-2.364751
-1.647292
-3.250632
-8.423471
-4.007318
-4.985386
-6.105884
-5.492147
-2.812544
-2.160607
-3.299912
1.074912
-1.411411
-1.913291
-2.710490
-2.522512
-1.431823
-2.823679
-3.447960
-3.468036
-4.992955
-7.556528
-5.325897
-0.604598
-9.077833
-5.461157
-9.272088
-2.309531
-2.117201
-3.706922
-0.968201
-1.031500
-8.298068
-1.683001
-0.721797
-1.024552
-3.984244
-5.393041
-3.768840
-1.926786
-0.774681
-3.194039
-4.605272
-1.257120
-0.385317
-1.275186
-6.283692
-2.698961
-2.714016
-2.383782
0.087690
-1.962210
1.276710
-5.931093
-1.570102
-3.660303
-2.607851
-1.226775
-1.759090
-2.472760
-1.837805
-8.284309
-1.860889
-3.032167
-2.393593
-5.338763
-7.506266
-0.463249
-7.538399
-3.687420
0.006442
-2.119861
-1.347087
-3.513081
-0.853737
-0.996312
-1.888945
0.283247
-8.837346
-1.422695
-7.364466
-0.205791
-5.359453
-3.459728
-8.126586
-6.394021
-0.244924
-1.880421
-3.180362
-4.175498
-0.502231
-0.613707
-1.581295
-2.376522
-1.773021
-2.216501
-3.436808
-4.304914
0.412503
-0.630737
-3.750652
-3.123042
-3.076764
-2.938587
-2.695676
-6.430627
-1.514070
-2.582037
-4.327297
-7.339335
-4.676815
-1.678676
-2.582759
-2.701336
1.142998
-2.357111
-3.322745
0.538235
-1.764603
-3.346668
-0.542517
-6.273950
-7.001716
-5.778584
-7.122685
-0.399540
-3.917289
-4.555558
-1.430668
-3.103000
-0.007525
-1.568684
-2.450208
-0.771230
-4.403512
-7.716588
-1.871666
-6.787768
-0.217977
-5.186309
-1.100155
-5.717489
-3.931865
-0.718773
-9.158691
-2.339177
-4.283779
-1.571830
-4.325385
-3.592676
-5.410992
-3.240021
-9.168625
-2.594208
-0.946371
-2.158810
-1.948695
-8.312250
-2.343680
-3.705893
-8.353584
-0.505432
-0.653405
-1.113259
-2.193343
-4.095753
-2.376255
-8.716928
-3.510456
-4.108689
-2.893583
-4.812512
-2.815567
-8.161972
-6.952463
-4.179912
-4.020155
-1.132264
-4.722851
-2.952217
-5.129262
-1.831068
-3.467237
-2.843570
-1.597343
-1.110328
-8.199324
-0.375599
-2.704147
-4.046142
-4.277668
-1.172885
-2.531911
-0.019965
-4.102408
-7.872898
-0.894867
-0.701108
-6.163058
-3.734517
-6.146148
-3.974778
-1.744246
-2.859161
-0.803463
-0.128075
-4.351162
-1.552148
-0.797756
-1.881544
-2.810092
-3.874126
-1.328510
-4.627400
-0.259948
0.106095
-2.573802
