8
1 500 1000 200 42 777 13 99
-2.772010
3.235215
1.401125
-6.917743
-6.146832
-6.639081
-6.415051
3.929790
-5.864890
-4.671106
-6.170632
-5.482828
5.713256
2.767289
5.225860
-4.522784
-3.755473
-1.678925
-3.821843
-5.434929
-4.467502
-3.401117
-4.780689
-6.447609
-4.589383
-5.326404
2.006138
1.079862
-6.554629
-7.160891
-6.853485
1.785632
-6.742945
-2.084498
1.538087
-2.613855
-0.915021
-2.897470
-1.063570
-1.733754
-0.948970
1.536365
-2.017218
-2.569121
-2.162051
-3.747186
-1.152061
-0.363289
-1.106962
-3.294635
-1.041149
0.881837
0.031803
-3.864455
-4.145932
-1.217095
-3.596893
-3.653750
-4.676776
-7.164085
-6.219861
-6.790276
-7.136206
-6.036773
-6.245550
1.987011
3.340065
5.365225
4.263947
2.571350
0.987013
2.533958
0.632688
2.728545
1.269085
0.812362
1.783888
2.654366
2.032804
-1.638146
2.212056
-6.709439
1.958098
4.288429
0.162705
-1.263504
0.391046
1.619507
0.943364
4.315575
-1.354972
-6.942821
-7.022590
-6.667463
-6.455260
-6.225735
-6.785743
-7.135734
-7.210151
-6.996160
-2.747581
-7.155630
-7.210455
-5.332501
-6.842815
-6.776935
-6.974413
-6.687780
-6.274091
-6.601607
-6.368518
-6.726231
-6.411794
-6.620151
-6.974523
-6.634866
-7.166148
-6.919945
-6.886455
-7.152239
-6.639548
-6.737468
-6.849121
-6.809831
-6.064213
-7.362720
-7.041321
-6.422228
-6.238341
-6.838099
-6.718546
-6.798866
-6.681083
-6.580298
-6.771452
-7.192355
-6.847985
-6.628482
-6.763102
-6.608530
-6.906328
-6.700006
-6.924253
-6.895611
-6.694211
-6.814381
-6.710498
-6.706336
-6.749518
-6.832590
-7.001713
-6.649824
-6.719739
-6.988531
-6.512019
-6.697802
-6.520656
-6.707812
-6.480894
-6.731222
-7.130409
-6.864322
-7.231746
-6.703483
-6.580298
-6.596280
-6.771452
-6.597820
-6.585626
-7.015197
-6.443882
-6.765969
-6.656728
-7.072161
-6.580298
-6.549140
-6.863267
-6.486019
-6.507760
-6.782418
-6.643470
-6.656065
-6.806572
-6.854630
-6.879159
-6.902260
-6.649947
-6.775539
-6.667665
-6.842126
-6.692644
-7.222201
-6.675700
-6.601607
-6.816060
-6.841722
-6.993314
-6.592908
-5.789411
-1.855274
-6.811495
-6.842576
-6.455318
-6.590955
-6.825476
-7.141843
-6.985389
-7.497763
-6.918385
-6.630304
-6.624596
-6.649947
-6.530151
-6.606938
-6.601607
-6.624596
-6.698546
-7.217712
-6.934388
-6.485698
-6.620574
-1.951503
-6.606938
-7.079613
-6.864322
-6.548327
-6.529339
-6.673054
-6.988725
-6.606938
-6.617593
-7.270484
-6.443541
-6.645182
-5.986676
-6.699640
-7.147803
-7.211849
-7.032909
-6.847674
-6.517495
-6.974026
-4.363148
-3.216722
-6.558237
-7.135734
-6.720785
-2.675742
-7.439164
-6.458186
-6.869869
-6.680699
-6.939081
-6.866981
-6.590955
-6.621459
-6.346233
3.293472
-2.215450
2.664663
1.288848
-0.825342
0.038439
3.080411
-1.496544
7.171743
1.979478
1.139069
1.969607
-3.069214
-1.279060
0.690261
-2.578135
-0.394175
0.815609
-1.029113
0.398637
-0.832176
5.153119
1.612819
-0.105244
-2.348657
1.978810
0.696135
1.249219
-1.712950
-0.958602
0.745632
1.609287
3.692042
2.956008
-0.960924
-1.979793
-4.505727
2.287332
-2.467461
-0.661336
-2.037902
1.532078
-4.139713
1.889152
-2.107657
1.175095
0.773643
2.898792
-0.937006
-0.620237
5.155577
0.523135
4.911591
0.920593
0.029301
-0.623851
-1.584875
-1.903356
3.569992
-1.380241
4.568096
2.241501
1.049197
2.385840
-2.249012
0.937325
-4.852624
-0.054610
2.203246
-2.797137
-0.678168
-4.106235
1.642457
-3.606799
-1.176290
-1.195085
0.371622
-2.417603
-1.437991
0.032284
1.965143
1.582254
1.355159
-1.227106
-3.490827
-2.455583
0.924076
3.636015
-5.344192
2.036419
2.333133
5.549612
-4.911822
-1.435779
4.491404
4.212578
-0.565810
4.196500
-1.215247
-1.114982
-2.762919
-4.330777
5.162788
1.114497
1.022945
-3.300160
-1.231686
-0.733938
-1.325745
0.834912
-2.031360
-0.404738
-0.497964
3.141357
-0.671187
-0.203448
-2.089730
1.520924
-3.237968
1.239748
-5.589869
-6.765969
-6.755004
-6.836200
-6.871480
-1.749970
-2.928568
-1.858068
0.477090
-2.930736
-3.351560
-3.598590
1.740842
-1.528236
-0.827983
-1.087286
-1.259389
-1.804755
-0.378612
5.227418
-4.298380
-1.859224
-2.986136
-4.061735
1.017322
-1.271789
-2.004890
0.398609
-3.646122
-1.914195
2.744293
-2.963986
-2.818686
-1.743564
-1.070091
1.186605
1.892823
-3.360813
-2.062201
0.280158
-3.846618
-3.243652
-0.441784
-1.027265
-0.112779
2.641116
-1.549796
-1.329079
-0.259940
3.751829
-4.596220
-1.293389
-5.163300
0.307067
1.408382
-4.585308
-3.690063
-1.113343
-1.640499
-0.212856
-3.663794
3.562398
-0.584943
-1.683091
7.329269
-1.267997
2.276813
0.129800
-3.221138
-2.551976
-5.631501
-3.416886
-2.483359
0.408497
0.205577
-0.442086
0.111945
4.637601
1.367804
2.945208
-1.862345
-2.609736
0.941044
-0.784556
-2.180484
-1.573127
-1.957291
1.085455
-1.498114
-2.554533
-6.416020
-0.453043
-1.962944
2.747753
-1.816101
0.443333
-1.186625
-2.285654
1.175703
-4.686885
-3.119606
-6.436556
0.296790
2.563999
3.746377
-2.591916
0.774470
-2.045886
3.943926
-2.139923
1.569148
-1.101718
-0.725164
-6.031947
3.152904
-2.099848
-3.240811
1.369855
-2.914174
-5.149685
-3.802920
-1.702597
0.597032
2.973518
0.099740
-2.918550
-0.362601
-2.199299
-1.043124
-2.669582
0.497066
-4.202504
-1.235021
-3.834255
-0.572589
-1.086021
-2.232211
-0.056996
-4.015181
-3.941481
1.720054
-1.414429
-2.698059
0.807159
-1.674120
-2.255817
-1.540288
1.293367
3.249759
4.323515
-3.668850
-2.616374
0.154468
-0.702423
4.345139
0.843840
-2.050240
1.290176
-0.318660
-6.971824
-3.192169
-0.670435
-2.611226
-0.612696
0.618339
-2.876571
1.067875
-2.545160
-5.536254
-2.435694
-2.277725
-0.864073
-3.764644
2.469943
-1.408183
0.752186
-0.498633
-2.733455
-4.114696
-2.352880
3.598454
0.159872
0.508338
2.216213
3.233925
1.711921
-2.548065
-1.550379
0.822726
3.897078
-0.118341
-3.643661
-0.765427
0.458335
-0.947804
-1.626075
-3.995683
-4.570210
-4.097282
-5.133525
-0.470450
-1.781532
1.904309
4.378960
-2.933261
3.400646
-5.214844
-0.690538
-0.752464
-1.813196
-2.557415
-2.436301
3.764428
-2.725703
1.109972
-5.362299
0.940309
-2.203713
-3.417379
-0.882553
-4.658102
0.305041
3.351358
-2.367629
-2.335205
-2.922580
-3.437658
-2.611051
2.436065
-1.400377
-4.661880
-7.710090
-5.935596
-0.351241
0.304085
-1.889967
-0.385460
-3.717192
-1.208891
-0.841981
-0.461085
-3.720212
-4.546933
0.325626
3.958864
-2.512474
-5.232391
-4.903234
-0.301145
-0.072539
-1.464996
-0.456836
-0.690518
-0.427486
-3.357893
3.182213
2.177656
1.029524
0.310589
0.224657
-2.205037
-2.586821
-1.640882
-2.356642
1.251409
2.815729
-1.404644
-4.052249
-2.649366
-1.911336
2.511217
-4.385588
-0.916648
-2.431952
-3.814528
-1.740584
-0.708998
0.054557
1.164991
-0.905009
-2.544791
-1.669103
-0.323070
-0.672121
-1.479973
-2.621128
3.653614
3.494034
-4.992164
1.567289
-0.793994
0.158730
-1.465243
0.673745
-2.932676
-4.568105
-0.812982
-0.911035
1.906066
-3.084081
2.286702
-3.308756
-0.228117
-3.216659
-2.252115
-1.690890
0.001078
-6.280720
-2.908921
-1.438113
-1.919380
-2.237485
-0.794415
-0.869916
-2.436404
-3.112132
1.845397
0.602271
-1.631995
-3.061249
-1.815829
-1.460953
-6.869047
-3.976458
-0.361417
-5.436213
-0.673887
-1.681149
-3.080102
-2.711192
-1.545516
-0.988182
-0.361372
-1.093289
1.959188
-0.916969
-0.088442
-7.491673
-3.860710
-0.472370
-3.586807
-0.385677
-0.226161
-6.913643
1.048151
-0.664299
-4.703864
-2.685670
-0.427195
-2.862168
1.099495
-2.440525
-0.048499
-3.279897
-1.493923
0.048170
-4.889534
0.606990
1.872721
-4.068890
-0.333807
1.308144
-0.496416
-0.655189
-1.796528
-0.243605
-3.623311
0.452220
3.275425
-3.775139
-0.449747
-3.064513
-3.304322
-3.307381
-3.730459
2.562953
2.298568
-5.409565
-4.746557
-3.958868
-2.620134
2.846900
-3.580374
-3.486289
-1.797363
-5.980326
-2.447185
-3.432136
-5.419547
-2.720494
0.110293
-0.130947
-4.208293
1.644933
-0.009864
0.610509
3.953907
2.144828
1.240096
-1.672296
-0.534479
-2.866912
0.710564
-3.401619
-2.060677
-2.903674
-3.639385
-2.339862
4.375122
-0.931903
-1.157655
-0.379897
-4.810082
-3.155773
-3.162992
-1.080569
1.029166
-0.630065
-0.306730
-1.418564
3.046323
-4.121304
-2.773072
-3.501491
2.704545
-0.712173
-3.385381
-0.386055
0.078512
-2.113298
-5.026236
-0.634546
-2.793862
-0.551149
-3.268884
-4.619975
1.836516
2.300487
-6.479214
-5.784554
-0.075966
-0.562517
-3.654881
0.339267
-0.644118
-5.842457
-2.288021
-2.050918
-1.577170
-1.145511
-1.613275
-1.974036
-3.989165
1.390513
-2.472893
-2.455267
-4.481841
-4.068631
-3.010209
0.540451
-0.637908
-1.491625
-3.068174
0.618587
-0.638507
-5.920829
-6.287576
-1.548083
0.280764
-2.345225
-0.204270
-0.818454
-2.189984
-1.590429
1.070396
-0.660754
1.574420
-6.596803
-2.675874
-1.775064
-0.527235
-6.480091
-3.796896
-4.207201
-0.233928
-1.465873
0.255638
-4.154461
2.594204
-3.543530
1.569303
-3.574332
-0.847097
-3.346815
-3.909257
-4.712263
0.800145
0.166067
-0.758338
-1.410937
-6.835699
1.493530
-0.601675
-5.369185
-3.055950
-2.666494
-1.471821
-3.176991
-2.054296
-4.415525
1.294799
-1.478863
-0.157284
-4.005186
-2.719597
0.513806
-2.635250
-2.783143
-4.330012
-0.035307
1.452631
-4.528044
-1.889316
-3.666812
-1.653440
-3.673007
0.633586
0.867204
-1.637536
0.263423
-3.027249
0.147652
-2.722507
3.003801
-3.763718
-3.139360
-3.786937
0.842276
0.834522
-3.527405
-4.276806
-0.185361
-3.678175
-4.952350
-3.952000
-2.302954
-2.172945
-3.395255
-2.612117
-3.181107
-1.018407
-2.825851
-1.190635
-1.407590
-3.778392
-6.319820
0.084600
-1.893673
-2.024707
-3.043824
-5.240457
-2.261090
-1.789592
-4.722384
-2.136541
-3.386349
-4.870450
1.727151
-1.432597
-4.676724
-1.703085
-3.663044
1.301682
-3.258014
-0.020567
-2.432375
-3.745486
-4.349297
-2.362211
-3.495469
0.519906
-1.304509
-4.184400
-3.762185
-2.667182
-3.034148
-1.913940
-7.070292
1.610183
-0.447298
-6.787899
-2.928467
-5.588595
-2.810585
-3.252595
-2.267454
1.236422
3.491888
-3.273500
-2.700692
-2.280914
-5.003288
-3.390471
-1.645847
-5.589896
-0.817827
-5.718230
5.124251
-0.162377
-2.579201
-5.984676
-3.764929
-4.218129
0.181843
-1.260854
2.206904
-2.737228
-2.939893
-3.486172
-2.546699
-2.759217
-4.037159
1.543013
-4.451354
-3.363343
-8.477654
-0.711756
0.288725
-2.878878
-0.217911
-4.188737
-5.243641
-1.435879
-4.438130
-2.226881
-3.080375
-3.716196
0.082149
-3.292112
-4.069000
-0.683355
-5.182171
0.971324
-0.329411
-3.263990
-2.754020
-5.849180
-4.143888
-0.442158
1.256763
-2.598495
-4.659795
-5.526270
-1.643189
1.231320
-0.629385
-3.586482
-0.347457
2.528299
1.683366
-1.937451
-3.295797
-2.064624
-2.713781
0.279868
-3.250240
-2.012272
-3.618781
-3.787231
-3.567583
-1.906230
-3.297904
-0.353937
-0.977633
-6.601435
-1.032147
1.849272
-1.815601
-2.265595
-0.593731
-1.811722
-2.999141
-2.876218
-6.791455
-5.517246
-3.977923
-0.438102
-3.810856
-4.589693
-4.200132
-2.533300
-1.678610
-4.298133
-3.747225
1.410929
-5.142983
-1.538071
-3.116463
-2.266845
-0.860555
-3.009731
-3.390436
-1.811914
-1.621028
-3.756863
-1.325119
-3.009742
-2.493643
-1.841658
-6.653055
-2.388567
-5.311370
1.603789
1.485466
-1.901550
-4.550074
-4.983202
-5.401644
0.018819
-1.271621
-4.829139
0.531076
-3.924625
-1.164407
-3.474260
-5.957331
-0.602987
-0.728539
-3.799349
1.810975
-2.759541
-1.088102
-4.077106
-3.268331
-4.408889
1.888589
1.336691
-2.051582
-1.688579
2.153578
-0.396021
1.211549
-4.869078
-1.177897
-2.465175
-1.479098
3.818159
-1.990849
0.165053
-0.265571
-2.929293
-0.853514
-2.697703
-0.776839
-5.452851
2.173560
0.146303
-5.912562
-4.591002
0.345935
-1.790116
1.359702
-3.635957
-1.559979
-2.480433
1.399693
-4.852645
-4.271414
-3.130061
-3.351004
0.160220
-1.934011
-2.207768
-2.718594
-3.685037
-1.633693
-1.101687
-3.412391
1.840295
-7.031545
-3.606264
-0.182480
-3.177298
-4.063029
-2.565557
2.110681
-1.890918
1.021690
-4.172688
-5.819382
-0.528836
-0.287023
-4.873002
1.019817
-3.456323
-2.745839
-3.844680
-4.118266
-3.146312
-0.018610
-1.819846
0.109689
-1.799686
-0.662306
-5.414755
0.711107
-4.612665
0.556759
-1.905258
-6.529785
-1.547121
-0.860457
-5.252069
-1.930150
-0.522628
-0.285551
1.936679
0.509315
-2.373458
-2.108089
-1.107683
-3.356642
-2.975895
-2.052920
-2.236167
-4.201559
-6.709842
-3.878530
0.975983
-5.312932
-0.683593
-1.919986
-2.679071
-2.599489
-3.796559
0.224303
-3.360972
-0.893284
-1.332203
-2.655337
1.031654
-0.306121
-4.248283
0.969373
-3.123216
-2.729817
-0.938552
-2.206190
-3.270983
-5.597884
-3.226299
-0.513686
0.275346
-3.527725
-2.321922
-2.077085
-1.195718
-2.056232
-1.912955
-3.174228
-4.724299
-6.742530
-1.149752
-4.202343
-3.112956
-2.632056
-3.050106
-0.328155
-7.143424
-3.720845
1.385112
2.073776
-0.877546
-2.197365
-1.334890
-0.774376
-2.443167
-6.345919
-4.580638
1.269656
-4.545746
-3.984882
-3.007393
-4.122120
-0.022737
-2.044836
-4.186641
-2.988957
-0.168180
-3.866643
-5.007261
-5.683657
-0.888440
-3.526155
-5.880572
-1.641999
-2.243793
-6.477658
0.622417
-1.018390
-2.213350
1.960935
-6.929751
0.524015
4.625837
-0.746732
-6.855282
-3.531644
-2.171246
-2.360187
-6.547885
5.229912
-4.272840
-3.441338
-3.553063
1.362100
1.715883
-1.090368
-0.896565
-2.863451
-2.005405
-4.510266
-6.453932
-0.636154
-3.147999
-3.136371
0.473388
-1.418418
-3.872331
-3.377259
0.663080
-3.569950
-5.413069
-2.261681
-2.527745
-1.434685
-0.751100
-6.010654
-3.283538
-2.711856
-2.588672
-2.167414
-4.166910
-7.574529
-6.437963
-2.404987
0.635388
-4.526637
-0.329114
2.629203
-0.857331
-1.948525
-1.434324
-2.340261
-0.181936
-3.754507
-0.835812
0.430053
2.239154
-1.390586
-2.328790
-1.645572
-4.711137
-4.616441
-0.821634
2.265489
-4.033626
0.955058
-4.655513
-2.070884
-1.469411
-3.233166
-0.953959
1.323537
-4.651046
-2.194725
1.395819
-4.997165
1.382059
1.720743
-3.188552
-2.242413
-1.489676
-3.153340
-4.362181
-2.934529
-7.843925
-3.898176
-3.397926
1.206357
-0.503597
-2.466277
-2.324083
-3.463387
-4.476930
-0.369624
-1.404147
-5.193575
-0.907293
-5.108290
-3.407346
-2.123577
-3.811101
0.076287
-2.716070
-4.551796
1.759296
-2.645662
-4.625433
-0.864494
-3.451835
-5.430965
-3.450659
-0.884693
-6.486079
-5.557918
-0.424631
-3.012142
-3.046501
-3.373439
-2.922454
-5.319276
-2.589587
-1.127450
-0.223428
-0.065018
-2.302597
-3.649006
-1.459368
-8.112567
2.495934
-2.163412
-5.487926
-4.117074
-3.838937
-4.087976
0.309022
-3.758055
-4.443704
-1.618623
0.728788
-1.822347
-3.802540
2.166458
-0.227934
-3.832656
-3.943197
-0.206555
-1.660592
-2.405213
-2.909510
-3.958227
1.649320
-0.819999
1.889104
-5.479485
-3.992293
-1.982810
2.394284
-0.501035
-1.078495
-1.339125
-6.550746
-3.677473
-1.924480
-6.629949
3.596387
-3.179213
-2.897192
-5.098000
-3.287903
-1.896397
-2.240225
1.374880
-6.127566
-3.485177
-0.519082
-0.523105
-1.931809
-4.350358
-0.101627
-4.214471
-2.665263
-0.403703
-3.330302
-1.049950
1.937688
-0.950320
-2.784019
-1.871103
-1.435747
-3.089549
-3.539670
-2.802675
2.144945
-1.673155
4.191851
-6.243727
-0.631014
-0.003112
-5.150772
0.024336
-0.172924
-5.266998
-0.552238
-3.773171
-5.477609
-5.718343
-3.416068
-2.070144
-6.853418
-4.034019
-2.997844
-6.056762
-2.176191
-2.139804
-1.420818
-3.570937
0.337182
-0.257847
-4.466724
-5.880816
-2.933213
-6.457059
-4.023499
-1.756516
-2.444498
-2.851814
-5.661108
2.115534
-1.461710
0.754720
1.572663
-1.387179
-4.324076
0.092494
-2.440963
-4.938554
-6.616127
-2.615554
1.340045
-0.941174
-2.707756
-2.505331
-4.029733
-3.382100
-4.067755
-2.173404
-2.110080
-2.181209
-1.210323
-2.763658
-1.669459
-0.309790
-3.704956
-6.144987
-1.456303
-4.160312
-5.284695
-4.965067
-2.093250
-1.899061
0.152867
-1.850149
-1.168439
-2.165938
1.538431
-4.436558
-2.418463
-2.407315
-1.365764
-4.007718
2.346089
-2.247837
-3.421725
-2.521238
-0.045700
-1.422636
-3.543813
-6.228355
-2.269617
-4.030398
0.746255
-0.964323
-2.151169
-3.101323
-1.497979
-1.752705
0.771426
0.927407
-0.725341
-2.904002
-5.209608
-4.232324
-0.695460
-3.369567
-0.907157
-2.229975
-0.454683
-0.750278
-1.011649
-0.611066
-1.840777
1.521225
0.338095
0.385710
-0.940903
-4.657378
0.418788
-0.714731
-1.106439
1.473870
-0.637138
-4.571722
-3.166576
-0.165161
-2.842727
-1.506108
-5.264241
-2.705451
-0.351133
-6.577974
-2.071372
-4.292858
-2.788499
-2.178230
-1.352508
-3.488770
-5.910322
-0.975645
-2.417100
-3.514134
-2.657440
-1.555324
-1.184751
-4.206501
-0.612197
-0.843148
-3.539068
-2.732092
-1.289044
-1.176379
-1.091365
-4.068427
-3.092103
-1.115290
-3.574612
-5.112883
-4.809729
-1.294238
-3.417390
-1.596834
-2.407419
-4.495138
-2.928907
-2.805048
-2.943214
-3.260177
-2.096916
-1.107368
-2.840833
-2.771996
-0.409508
-0.498268
-2.634109
2.101946
-3.436957
-3.650006
-0.686547
-2.847959
-1.445938
-2.135004
-1.539001
-0.612717
-3.855248
-1.126248
-3.691631
-1.990280
-3.806520
-6.161522
-3.251623
-1.472122
0.484292
-3.381927
-1.945094
0.639313
-3.350467
-0.883807
1.874267
0.500135
-5.300229
-6.540192
-1.326983
-3.575327
-1.301426
-2.396436
-0.733560
-1.722175
-3.632550
-2.880888
-1.611405
-1.853630
-4.889813
-3.810308
-3.824745
-2.223148
-0.636044
-4.190266
-4.219854
1.081611
-1.111292
-4.887760
-3.863308
-0.513599
-1.092699
-0.770760
-0.625747
-2.250358
-4.768429
-0.291112
-5.329183
-4.928310
-4.183907
-4.477821
-3.569993
0.995075
-6.004160
-1.731311
-0.726873
-2.250183
-0.641281
-2.276590
-5.952375
-5.303014
3.979963
1.863496
-4.201624
-2.288871
-4.020413
-3.231324
-4.742592
-0.500855
-3.730130
-4.593136
-0.991900
-4.904259
3.211198
-4.001249
-3.431097
1.088394
-2.904444
-2.375931
-4.741729
-4.796030
-1.598195
1.676131
-2.677365
0.451789
-2.949261
-3.285736
-3.951755
-3.154670
0.483995
-1.617737
-3.098257
-4.552504
-2.390851
-4.579312
-3.818952
-3.552817
-3.105485
-4.141123
-4.004013
-5.166413
-0.945173
-2.855902
-2.990718
-1.399442
-3.679416
-0.728230
0.000593
3.101459
-0.393959
-1.875472
-1.454163
-3.766945
-5.207987
2.290106
-3.420320
-1.864979
-2.061837
-3.423924
0.100036
-1.266466
-0.783652
-4.739884
-3.373322
-0.383084
-3.216207
-3.279177
-3.547193
-3.444713
-0.102776
1.183962
-4.360087
-2.752489
-2.257547
-3.691342
-5.208772
-2.467854
-3.191481
-3.996972
-3.538666
-3.362354
-2.470278
0.838667
-3.671771
-3.590096
-1.068868
-0.191936
-0.866677
-2.978093
-0.094382
-5.417675
0.614123
-1.330958
-3.768162
-0.692547
-2.144949
-0.704460
-3.993159
-6.306461
-2.846157
-2.247251
-5.957786
-0.448812
-0.871466
-4.701134
-0.248735
-1.985554
-1.461992
-1.186926
-3.665868
-5.464544
-0.154329
-3.220934
-1.857607
0.469323
-1.072203
-4.347215
0.563715
-6.349568
0.013050
-3.263189
-5.338361
-3.098187
-1.155602
-2.954536
-2.934279
-2.874265
-4.018117
-1.813637
-1.238958
-4.247898
-4.634970
-1.134825
-1.356390
-6.565777
-0.633196
-2.048172
-3.496598
-2.780192
-6.593972
-6.075300
-3.810326
-2.941477
-3.226252
-3.716734
1.289462
-5.142942
-4.356163
0.796993
-4.445267
-2.896348
-1.245238
-1.791278
-0.487514
-2.894825
-2.162904
-2.153119
1.337560
-2.124236
-4.398440
-2.334107
-3.801050
-1.756176
-5.390276
1.763080
-1.473249
0.901926
-3.840235
1.824195
-4.318945
-0.495531
1.380394
-3.546980
0.121058
-2.536303
-3.821498
-1.279022
-2.636280
-6.334066
-2.874701
-3.291892
-0.903634
-1.462674
-3.753133
-2.888440
0.552821
-6.740264
-2.224352
-2.532716
0.361720
-4.165636
-1.046628
0.301057
-3.103000
-2.204946
-2.180712
-2.225315
-1.439862
-5.979156
-3.488151
-1.138348
-2.644429
-2.358946
-6.087315
-0.968370
-1.925268
-3.478602
-4.190454
-2.815255
-5.311610
-0.969064
1.746566
-5.714029
-3.467163
-2.520775
-2.152652
-0.042598
-3.145684
-2.760689
-1.525094
-5.406667
2.668027
-6.772827
-4.466460
-6.511848
-3.520744
-3.678479
-4.179663
-1.190212
-3.946596
-2.467635
-4.272356
-2.920956
-2.114261
-2.688573
-2.097778
-2.032039
-4.313643
-0.241698
1.585120
-6.281028
-4.486658
-6.610248
-0.995557
-3.770157
-1.815289
-1.919227
-6.344858
0.847999
-3.947635
-4.245842
-6.330842
-1.066661
-0.418544
-2.613122
-2.081804
-2.442948
-3.470705
-2.743506
-3.085109
-2.053729
-2.518585
-4.938432
-1.297833
-2.150782
-0.438079
-1.104369
-1.967457
0.003165
-1.425639
0.652886
-1.647768
-2.759392
-1.706646
-0.803199
-2.505988
-1.983107
-4.093379
-2.761893
-1.825228
-2.821296
0.042387
-1.908377
-0.809415
-2.632908
-0.554254
-3.626584
-3.733465
-5.094702
-3.838935
-2.240540
-0.921893
-2.562582
-6.381479
-1.197136
-5.902278
-4.671187
-1.095756
-3.991196
-3.146343
-2.671532
-0.370413
-4.673160
-1.946536
-1.981656
-3.458031
-0.791723
-6.056936
-6.640771
0.782832
-4.057789
-1.801939
-0.509452
-4.440334
-1.940576
-1.373927
-5.344228
-3.494819
-5.766001
-3.293054
-5.006253
-0.982830
-1.838883
-1.242885
-5.076524
-3.618353
-2.148106
-3.142394
-0.762491
1.390604
-3.121662
0.468966
-0.348256
-4.766733
-3.376797
-3.602970
-2.897375
-2.762840
-2.814592
-1.062133
1.020188
-2.112915
0.318920
-0.907679
-4.521949
-3.068925
-2.850335
-4.164337
-3.088763
-0.525329
-0.060732
-1.015439
-2.924136
1.588978
-2.232778
-0.523570
0.064112
-2.274875
-2.824780
-2.555025
-3.529144
-2.043938
-7.052541
-2.582568
-1.634642
0.935637
-6.766890
-3.960240
-2.666616
-5.560691
-0.224246
-7.575977
-0.624202
-8.195518
-3.088513
-3.308123
-2.475016
-5.950145
-3.330329
-3.974175
-4.413610
-2.478573
-5.821255
-0.785522
-0.512519
-3.020344
-3.645915
-2.941281
-3.075546
-6.266955
0.118965
-4.359990
-3.653684
2.114811
0.391484
1.325587
-2.866126
-4.912181
3.476182
-4.591247
-3.228486
-3.162764
1.593981
-3.497367
-3.672580
-0.941037
-6.914450
-4.052682
-4.360816
-0.810533
-1.838224
-1.512747
2.550815
-2.100723
-3.171882
-5.524206
-0.152889
2.669036
0.420227
0.297855
-5.095360
0.838665
-0.083738
-2.522365
-3.537246
2.192677
-2.547191
-2.171849
-1.673307
-2.817400
-5.530613
-2.716395
-2.388993
-3.141315
-0.550998
-0.556172
-4.464772
-3.720403
-7.145474
-2.613707
-2.361717
-6.938655
-0.878110
-3.161623
2.192976
-0.784558
-6.932598
-1.682752
-4.230329
1.004497
-6.910439
-0.575036
-4.184080
-5.736117
-4.091308
-6.296038
-6.209190
-3.451354
-3.065995
-6.835675
-6.524923
-1.727910
-3.324815
-0.106663
-4.579734
-2.516430
-4.600646
0.178761
-2.941201
-2.458595
-0.917961
-5.322884
-2.991911
-4.287241
-1.383938
-3.425403
-6.225639
-3.581168
0.447592
-4.194561
1.438055
-4.683791
-1.878470
-3.084225
-4.198433
-4.603842
-5.150254
0.886661
-5.888996
-5.001060
-0.750551
0.273171
-1.610789
0.836394
0.422372
-1.827917
-0.506166
-5.036970
-2.229710
-5.044312
-2.374766
-1.435669
-2.109777
-3.741732
-2.777528
-1.508599
-1.364922
-1.066500
-1.181851
-4.762230
-2.153162
-2.122275
-3.780185
-1.877340
-3.302989
-3.534329
-5.160293
-1.476161
-3.022131
2.111137
-2.575628
-1.828318
-4.348361
-0.107843
-1.565272
0.300471
-3.082507
-4.263649
-2.494689
-3.613153
-3.830946
-5.889433
-2.906244
-4.047740
-5.457607
0.397282
-0.850665
-1.780662
-3.490796
0.540902
-1.681796
0.826579
-3.769551
-5.407132
-8.068668
-4.919559
-6.862109
0.211899
-3.987241
-1.652381
-3.190257
-3.655539
0.363370
-1.673448
-3.261523
-4.011585
-3.127011
-3.226459
-3.347592
-4.950184
-2.975523
-4.139740
-1.104160
-0.872952
-1.133259
0.486338
-0.902241
-2.420915
-1.779887
-3.525450
-2.665467
-3.366493
-4.227677
-6.435353
-6.459816
-3.682003
-6.020279
-3.066189
-3.843262
-1.500998
0.816763
0.692706
-1.569321
-3.992473
-1.426317
-6.315060
-1.371229
-3.127100
-3.453490
-6.089873
-6.560808
-2.387965
-4.603412
-2.385007
-4.634429
-5.475747
-2.909750
-1.254436
-5.079690
-3.620568
-2.488392
-0.555338
-0.652610
-6.027702
2.915652
-3.125636
-2.755022
-6.374957
-3.948372
-3.409962
-1.153108
-4.814338
-5.513837
-0.448901
-3.811594
-5.186629
-2.837868
-2.009791
-2.464796
-3.108055
-1.966377
-4.403783
-5.865663
-4.566369
-4.039552
-3.624493
1.490720
-2.671925
-0.611555
-1.488428
-4.642319
-4.665918
-4.356122
-4.581777
-1.268116
-0.967634
-3.550604
-2.360681
4.006494
-2.490743
-2.561762
-3.016838
-3.653287
-1.738250
-2.821279
-1.875972
-0.614564
-0.840510
-4.061313
-3.859053
-2.117712
-5.487393
-2.776050
1.740334
-2.793576
1.234509
-3.230308
-5.837140
-2.925802
-2.327115
-4.434795
-1.357624
-0.703754
-2.667543
-3.017474
-0.931886
-3.600295
-4.233141
-1.468403
-1.368723
-3.443096
0.727642
0.376157
-1.487830
-1.665217
-3.568209
-4.184871
-2.538623
-3.505811
-0.362227
-0.186200
-2.655386
-0.674002
-1.670338
-3.879491
0.490884
-7.556309
-4.372970
-3.060873
-0.423589
-0.986681
-1.911376
-5.047276
-2.006919
-2.190376
-2.947896
-3.111992
-6.997817
-3.848169
-2.537644
-5.824975
-3.507464
-4.346556
-1.253529
-2.209914
2.139854
-2.193472
-1.530306
-3.473986
5.342854
-3.906542
-0.623637
-1.996431
-3.489668
-4.152276
-6.476863
-2.121059
-4.274180
-4.234560
-2.667355
0.987678
-3.045116
-5.681054
-6.197190
-7.429992
-4.372559
-6.906371
-3.181298
-2.466433
-1.623781
-2.676964
-4.252149
-4.221871
-4.232096
-1.390513
-3.168752
0.166874
-0.520755
-5.599753
-2.919278
-5.169826
0.334904
-2.786960
-3.495576
-1.375945
-3.073174
-3.189697
0.363519
-2.814148
0.914374
-3.552977
-3.349266
-2.549671
-1.745135
-0.019994
-4.886215
-0.842422
-2.765306
-1.654141
-2.352850
-4.349534
-3.898978
-0.506150
-2.791521
-8.201343
-7.125793
0.125202
-3.050231
-1.761235
-3.583441
-1.984629
-1.631357
-3.077825
-0.511075
-3.002360
-4.293061
-1.886055
-6.262533
-3.384798
-5.148266
1.520752
-2.865272
-1.390256
-4.369021
-1.670970
-6.724078
-3.919163
-3.718864
-3.552466
-2.075707
-1.825005
0.132920
-4.638771
-4.174300
-3.213341
-2.369169
-0.611366
-0.146346
-4.711027
-5.742306
-3.330784
-4.199250
-3.768332
-3.935854
-2.201673
-1.040459
-7.219692
-2.245488
-2.196260
-1.542795
-1.689908
-7.611474
-0.235828
-3.467273
-2.033462
-4.861099
-0.281078
-2.218918
-4.141477
-0.997990
-2.286599
-2.798784
-4.511118
-4.894453
-1.974653
-2.535163
-5.595543
-3.991855
1.549052
-2.055083
-6.098224
-4.410248
-4.567349
-6.119012
-4.033893
-3.218635
-2.206396
-3.391018
0.331584
-4.632785
-2.963605
-4.859156
-2.449569
-0.907331
-2.454067
-0.398556
-1.616731
-0.043932
-4.106195
-1.894811
-1.833161
0.078812
-0.135297
0.070158
-4.706147
-1.660974
0.179023
0.193422
-2.043771
-0.630786
-1.153896
-5.181362
-2.711370
-3.098801
-4.838682
-3.247682
-2.114044
-4.758477
-6.425647
-5.108991
-1.960128
0.442170
-4.009987
-0.939830
-6.584536
-0.360917
-1.909878
-2.886793
-0.612911
-1.896106
-3.447932
-3.346995
-3.759978
-0.868679
-2.274757
-0.330420
-1.604612
-1.807224
-3.427863
-2.911474
-5.619203
-2.698906
-5.051646
-6.414864
-3.558383
-2.776830
-2.696528
-2.327421
-4.396681
-3.160496
-2.428493
-1.034785
-2.461643
-1.313313
-2.828597
-3.008312
-2.210171
-3.022461
-1.948014
-3.727402
0.469439
0.421868
-4.142364
-6.247048
-1.722899
-3.656942
-3.172306
-8.546085
-0.100495
-5.777821
-0.896729
0.248556
-0.722760
-5.696932
-1.380197
-5.130266
-0.433539
-1.977956
-1.148899
-1.422507
-6.761145
-3.333036
-3.822962
-3.140043
0.131955
-0.593988
-4.944310
-5.032263
-4.567563
-4.680275
-2.630434
-4.044536
-4.902337
-1.781765
-1.023139
-6.421680
-1.882343
-2.007678
-5.599482
-4.184572
-3.892239
-3.666617
-3.865801
-6.513950
-5.474799
-1.866767
-2.403747
-5.651684
-0.653212
-0.763368
-2.339957
-3.505764
-3.127516
-2.892942
-3.563487
-0.486574
1.927160
-1.662849
-5.395009
-3.209828
-5.225171
-1.454932
-6.371169
-1.196178
-4.760676
-2.224667
-3.830013
-3.069541
-1.680345
-3.782202
-1.121392
-2.717043
-1.587684
-3.381002
-6.252252
-1.668963
-1.422197
-2.618381
-4.061150
-2.408159
0.547639
-3.394621
-4.439678
-3.091743
-1.843030
-1.312647
-4.780581
1.470373
-0.219478
-0.931941
-0.761655
-3.850554
-5.723732
-3.295141
-5.014632
-3.508984
-2.739031
-2.658869
-3.997005
-2.330096
-2.213035
-2.716204
-2.559513
-3.215749
-1.622740
-3.896876
-5.838772
-1.972157
-0.650899
-1.915179
-6.572176
-3.229746
-3.629417
-4.004121
-2.580773
-0.560767
-3.626930
0.461678
-2.468378
-6.109984
-3.804559
-2.349122
-4.745145
-1.606498
-2.144738
-1.973241
0.786496
0.745584
-0.532816
-1.578406
-1.064287
-2.909811
-2.598268
-2.478895
-1.455074
-1.494304
-2.344804
-4.048114
-3.128587
-3.717346
-2.309180
-4.402071
-2.548274
-4.411396
-2.003897
-6.676793
-4.130841
-3.203454
-3.511720
-5.787278
-4.971130
-6.483342
-3.203668
-1.691498
-2.792019
-2.618275
-2.402611
-4.697462
-1.828896
-2.237578
-4.170296
-2.926817
-6.064220
-1.146497
0.614819
-2.101019
-4.015710
-2.641516
-2.108235
-1.376374
-1.283930
-1.784125
-1.362056
-3.290150
-3.082681
-3.176137
-1.421712
-2.931082
-2.211148
-5.589040
-3.298273
-4.444756
-0.917433
-1.748057
-4.411133
-5.039662
-3.341037
-1.362083
-1.541894
-2.971987
0.881783
-0.340562
-4.066858
-2.853891
-3.692748
-3.234001
-0.890114
-5.419903
-3.842520
-1.144915
-2.334486
-3.012658
-3.237590
0.466754
-2.472963
-1.490700
-0.038475
-1.006333
-5.075899
1.217367
-6.272477
-2.936656
-2.480666
-4.740981
-2.202044
0.616325
-4.106349
-5.316529
-3.626205
-2.770122
-5.640698
-3.151301
-2.626173
-4.745085
0.396090
-1.557548
-6.583320
-4.677194
-4.330006
-6.544603
-3.859668
-3.705529
-3.713702
-0.748139
-1.722352
-4.394735
-3.132357
-1.206919
-1.595689
-3.735247
-3.238135
-1.163399
-3.328524
-1.891174
-3.016852
-6.572015
-5.408696
-2.256829
-5.302393
-3.391215
-3.745771
-4.549623
-1.992967
-3.371691
-3.737936
-5.891881
-5.002956
-3.195542
-2.328698
-2.671270
-2.371522
-3.613071
-0.688359
-4.859529
-5.881571
-4.938468
-2.374523
-3.339909
-1.806758
-0.535163
-4.591803
-4.122418
-0.604857
-3.968109
-1.709299
-4.799942
-0.698098
-0.778740
-6.228035
-0.660949
-3.656021
0.384861
-3.669735
-3.592235
-2.080638
-2.472550
-4.278686
0.771141
0.135736
-2.836365
0.039742
-4.413621
-3.440674
0.149956
-6.800401
-3.490680
-1.787598
-2.804427
-1.136104
-5.751066
2.040984
-2.994467
-3.068389
-1.514065
-3.474126
0.398457
-2.277901
-3.811561
-6.312335
-4.376418
-4.230937
-2.712219
-6.013603
-2.321077
-6.427842
-3.558793
-5.052835
-2.419471
-1.455208
-5.023070
-1.692962
-4.586594
-3.682455
-6.011289
-3.579045
2.148369
-3.479141
-2.897853
-5.732617
-2.520412
-2.636467
-2.398057
-1.447307
-2.239153
-6.835290
-2.482673
-4.537075
-4.437884
-3.277874
-5.717434
-4.252012
-4.445371
-2.312068
-5.300066
-5.189742
-3.740663
-8.420303
0.507724
-2.753080
-2.504048
-1.413054
-4.639575
-2.482939
-1.799616
-2.278646
-6.012268
-3.648900
-4.003024
-5.005714
-3.897155
-0.752828
-5.123998
-2.203514
-2.334398
-2.206311
-1.955222
-3.390157
0.714938
-6.186068
-3.898520
-4.975946
-6.803948
-2.511333
-2.670033
-0.625217
-3.720415
-0.896462
-2.977322
-3.638184
-2.032715
-2.583575
-0.939258
-2.758501
0.513839
-1.590394
-2.237957
-0.734400
-2.682794
-3.715295
-4.708814
-4.280004
0.798369
-1.656538
-1.010886
-2.125457
-0.885615
-3.587018
-2.078603
-2.385268
-2.924172
-4.975955
-3.028615
-0.354319
-1.129371
-4.021692
-4.191506
-0.935881
-2.600330
-3.292797
-2.030336
-6.729430
-3.795194
-1.028280
2.303407
1.475077
-4.367739
-5.925636
-3.366912
-3.082156
-4.020627
-3.708650
-1.601822
-4.136789
-4.285429
-1.523505
-3.972631
-5.758598
-1.812063
-2.624403
-5.605159
-1.635324
-2.506049
-3.595030
0.135966
-1.604682
-3.156191
-1.527986
-3.584620
-2.425445
3.223996
-4.765628
-1.682718
-5.704061
-2.106878
-1.111809
-0.379788
-2.768321
-1.207070
-1.557307
-3.697462
0.669804
-2.611815
-2.531092
-4.706026
-5.205440
-4.271024
-0.693589
-2.962932
-2.905435
-1.716427
-3.230647
-0.786632
-1.493062
-1.957438
-0.863871
-3.962771
-4.004306
-0.592963
-0.628037
-7.611491
-2.496916
-5.876135
1.412588
-3.894864
-3.031914
-4.581799
-6.155988
0.134312
-6.472791
-5.525551
-2.338823
-3.723519
-6.452943
-4.145020
2.753384
-2.553073
-3.889457
-4.195508
1.568860
-1.626298
-1.099007
-3.185883
-4.912241
-4.111362
-4.574429
-2.135249
-2.090553
-3.360162
-1.245325
-3.698442
-0.928027
-1.563014
-0.952110
-0.638022
-3.617369
0.157631
-6.552936
0.472138
-3.166533
-0.702472
-5.694240
-4.568725
-4.578706
-1.704807
-2.713480
-1.985475
-3.863539
-1.945013
-2.449890
-6.420752
-3.110712
-6.536930
-4.889367
-2.306266
-6.690594
-4.622942
-2.969798
-2.773624
-1.851380
-4.579702
-3.139781
-0.669077
-4.854643
-2.307889
-3.665214
-3.238968
-3.131080
-6.047574
-2.433019
-1.222733
-5.498188
-3.351247
-3.467144
-4.913369
-1.921709
-4.122223
2.152484
-3.853060
0.519902
-2.743240
-4.574184
-4.096730
-4.240201
-2.983935
-5.568481
-3.085052
-3.837518
-5.353527
-5.236736
-0.304740
-4.647236
-4.686838
-2.408530
-2.103684
-0.933333
-5.945064
-1.076684
-3.054948
-4.600243
-1.008733
-5.190792
-4.334284
-2.322160
-7.109002
-3.654567
-0.849102
1.400754
-2.949708
-1.269547
-4.719540
0.787349
-1.350906
-2.305960
-3.597794
-5.888299
-3.597899
-1.941626
-0.302212
-4.029272
-1.253186
-2.383916
-4.335580
-4.015062
-3.772314
-5.835964
-3.539127
-4.800871
-3.945314
-4.981046
-3.538053
-1.506275
-4.151685
-2.653480
-2.043253
0.800032
-1.753584
-3.547997
-1.141656
-1.130103
-2.338210
-4.334293
-4.478119
-1.156034
-1.976598
-1.261042
-5.247044
-3.431857
-4.039345
-2.215789
-4.576801
-5.059098
-4.874073
-4.882220
-2.829915
-0.371896
-5.024309
-0.575778
-3.127452
-3.333079
-1.195723
-3.684922
-1.192094
-1.567964
-1.911286
-6.017363
-3.177681
0.642199
-1.674310
-3.009978
-3.935618
-2.740326
-5.096892
-1.938911
-6.203920
-2.266012
-2.347023
-4.406184
-3.130914
-2.926274
-5.305760
-3.193682
-4.610251
-2.062219
-1.122861
-3.183575
-2.308639
-6.898251
-5.428572
-6.672704
-0.414664
-3.736118
-5.272668
-4.723765
-2.832464
-4.910282
-5.163843
-2.778219
-3.763612
-0.018514
0.156485
-5.337229
-5.449553
-5.459342
-1.965784
-3.041124
-3.291813
-0.335046
-0.966803
-1.497509
-4.635427
-3.899809
-4.822849
1.000472
-4.111699
-2.887899
-4.708632
-1.764812
-1.672614
-5.342996
-7.375396
-2.605072
-0.124714
-1.189894
-2.279275
-3.136257
-1.254797
0.768070
-0.613338
-4.921959
-1.516775
1.572801
-3.636104
-6.789728
-3.592410
-3.646951
-3.993006
-3.678511
-1.390514
-3.028887
-1.390516
-1.968627
-0.334009
-3.760628
-2.830441
-4.610392
-5.086770
-2.612046
-3.880725
-0.549758
-3.472775
-2.314320
-2.538086
-4.966549
-3.814276
-1.714734
-5.020900
-4.527228
-4.568218
-2.150155
-3.209556
-1.446233
-2.079917
-1.920050
-4.419223
-0.906863
0.729484
-6.692375
-6.420579
-4.773830
1.304621
-2.603124
-2.422300
-4.349788
-5.313054
2.407159
-2.505055
-0.208981
-3.418864
0.321128
-0.682421
-0.640644
-5.179599
-3.147616
1.372959
-1.111639
-5.944690
-1.665492
-5.953684
-1.873322
-5.920539
-0.172929
-4.799276
-4.399535
-5.579708
-3.099940
-4.897771
-3.369198
-6.571170
-3.165341
-2.612118
-0.069500
-1.687649
-1.398273
-3.934399
-3.509098
-0.876106
-0.670810
-5.938297
-6.663660
-3.080345
-1.379381
-3.944465
-4.109338
-0.615460
-4.780335
-5.476430
-2.348175
-1.789831
-3.206990
-2.229273
-2.496989
-6.854461
-5.555800
-2.993452
-4.582666
-5.827754
-4.322272
-4.905188
-2.233216
-3.696949
-2.843054
-4.383189
-3.127120
-5.683201
-0.984376
-2.208914
-0.942022
-4.575442
0.369919
-4.761809
-5.754884
-3.331185
1.451063
-6.831093
-0.041935
0.597785
-4.304267
-2.364130
-2.853528
-3.575698
-3.393744
0.774091
-4.119450
-6.570858
-4.219302
-5.483437
-5.463099
-8.788379
-3.242628
-5.599407
-4.755735
-3.701950
-4.278682
-4.102036
-6.521876
-2.812474
-0.108890
-2.993557
-2.203062
-4.812755
-2.208515
-2.664757
-4.884600
0.583503
-4.477685
-2.745108
-4.971982
-4.801013
0.360421
-2.824227
-0.517460
-0.891181
-5.158022
-1.802210
-5.612869
-2.853682
-2.089415
-4.512259
-4.922102
1.360387
-5.464960
-5.002353
-1.635322
-4.086698
1.398152
-2.008476
-0.474913
-3.841791
-1.468642
-3.274322
-2.117675
1.533962
-6.782652
-5.268379
0.471293
-7.161598
-5.679559
-2.439971
-6.590527
-3.708071
-1.758889
-2.875978
-2.246740
-4.757504
1.524925
-4.602620
-5.791784
-5.984871
-3.559592
-6.951926
-3.123918
-1.263512
-2.205141
-3.419052
-4.928085
-4.509964
-3.562284
-5.052744
-6.855466
-0.616478
-0.480042
-1.399838
-4.043938
-2.167632
-6.984822
-3.727927
-5.981788
-2.014699
-6.189744
-2.334017
-5.330125
-2.855006
-3.274995
-6.238138
-3.793634
-0.689897
-5.841134
-2.476130
-0.166725
-4.532745
-4.625209
2.812512
-5.784314
-3.738307
-3.600440
-1.747805
-4.561259
-5.396180
-2.049307
-5.160273
-2.380621
0.221042
-3.954039
-1.177007
-4.368698
-0.596758
-2.833246
-3.378196
-5.830282
-2.197536
-2.872406
-1.195487
-2.829831
-4.128221
-5.221777
-2.164671
-4.111043
-4.182944
-4.799273
-4.924595
-1.347694
0.116271
-2.554781
-4.802310
-3.512713
-1.435861
-3.260810
-7.771751
-3.865676
-0.572232
0.533997
-4.473260
0.164808
-4.928155
-2.580150
-6.699925
-1.972979
-4.084376
-6.594635
-4.998735
-5.864586
1.237627
-5.852420
-3.495191
-3.077894
-4.173006
0.060177
-5.343905
-2.141777
-2.468898
-6.231335
-1.367559
-1.129589
-3.162042
-2.065724
-4.118060
-4.966104
-0.873959
-2.654728
-4.090371
-1.286661
-4.911438
-3.115013
-3.652395
-0.458443
-1.344734
-6.629949
-3.330770
-3.972795
-6.360575
-4.977703
-4.060222
-0.512089
-4.770779
-0.709213
-3.301352
-5.794332
-2.551478
-5.334809
-4.583444
-1.082411
-3.827739
-3.159428
-1.133582
-3.725068
-6.715615
-6.181085
-2.413219
-2.906416
-2.099960
0.190584
-5.050931
-4.200209
-5.587259
-3.700049
-5.393071
-5.810763
-3.215240
-1.323382
-3.685678
-0.498095
-3.535672
-6.707470
-4.835902
-5.685121
-1.907602
-3.182317
-3.331729
-1.978586
-2.325350
-5.413040
-4.486128
-6.166468
-1.595212
-1.628993
-1.698026
-4.580905
-4.245492
-0.987369
-2.901596
-4.983628
-2.428618
0.349056
-2.925842
-3.109234
-4.558379
-3.854324
-4.141345
-1.745610
-0.302371
-3.891862
-1.914736
-0.184046
-3.925663
-6.434906
-2.507517
-2.863821
-1.470939
-4.678118
-6.697861
0.618633
-4.455083
-1.176879
-1.985443
-2.015693
-6.541180
-6.569904
-2.334018
-4.859910
-3.485426
-2.498137
-3.657855
-2.735234
-3.771932
-4.332111
-7.018949
-2.362525
-2.892144
-2.927241
-3.247112
0.956711
-0.546669
-7.311617
-2.652051
-2.469985
-1.116062
-5.813494
0.401215
-0.791466
-4.290300
-2.303370
0.007430
-4.819160
-1.938323
1.512084
-2.863139
-0.321871
-1.765152
-3.408440
-2.771505
0.385753
-4.795454
-2.007175
-3.176907
-4.443205
-1.857069
-3.826358
-3.790342
0.336190
0.661631
-0.727401
-1.679254
-3.521900
-4.220634
-1.906063
-4.934853
-4.112747
-1.256227
-3.450634
-2.100469
-1.225881
0.475888
-0.042161
-3.358445
-0.394021
-3.590689
-6.284667
-4.167593
-3.764168
-4.504504
-6.243329
-0.717170
-1.985028
-3.810828
-0.136823
-0.605331
-1.460607
-1.296206
-2.783647
-5.215369
-0.967201
-5.853004
-2.148007
2.248550
-2.880356
-2.523363
-3.508268
-4.059947
-5.820152
-0.346628
-4.883826
-1.121122
-2.058124
-2.882171
-0.564814
-3.624560
-3.766071
-3.528959
-4.811378
-2.355108
-3.945681
-2.539836
0.653730
0.271612
-3.916924
0.422592
-5.615001
-5.587129
-4.290639
1.208661
-0.979357
-1.387968
-4.914115
-1.628816
-1.862286
-6.196615
-2.905004
-2.476518
-3.771706
-5.230279
-5.601511
-0.641510
-2.224845
-0.700912
-1.272995
-2.561946
-3.761030
-3.962712
-3.435401
-0.274428
-2.516114
-0.796894
-4.067275
-4.285257
-2.052293
-1.076061
-2.925094
-4.720971
-3.176011
-3.823756
-2.288533
-6.520622
0.181243
-1.209599
-6.860331
-3.596641
-4.986691
-2.905905
-2.269222
-3.029001
-1.221336
-4.794463
-4.145072
-1.317657
-3.738207
-3.973245
-5.295142
-3.972926
-2.323395
-0.699331
-3.987579
-4.371745
-3.389090
-2.845971
-2.624337
-6.450739
-3.442299
-2.930611
-3.591512
-1.613603
-1.604005
-5.306455
-5.960935
-6.686020
-5.976900
-2.380950
-3.113518
-1.751678
-3.317686
-0.939352
-1.631688
-2.012457
-0.458132
-3.449378
-2.260139
-3.466783
-3.685003
-4.025790
-2.131165
-1.281163
-1.621886
-1.696915
-6.131998
-5.407319
-4.806450
-5.543807
-5.602217
-3.309590
-4.249850
-2.266357
-0.857306
-1.089213
-2.630499
-3.113003
-2.388110
-0.468816
0.507367
-1.894379
-2.259496
-4.740845
-7.326658
-3.815096
-5.220021
-6.360447
-5.279926
-6.823679
-4.656132
-2.324390
-2.300121
-1.569642
-0.581689
-7.181336
-0.355325
-0.739706
-2.715611
-6.111108
-2.721897
-4.661930
-6.328406
-2.293279
-4.017583
-3.297217
-1.950011
-1.323369
-0.908703
-5.175430
-3.434850
-1.858686
-2.706551
-1.162183
-2.702027
-2.151586
-5.206477
1.382550
-5.021568
-1.144587
0.239782
-3.138257
-3.861302
-2.372969
-6.515506
-4.889754
-3.535595
-4.256720
-4.409275
-7.560956
-4.268703
-5.817869
-4.904565
-4.802836
-1.166929
-1.350262
-5.591745
-4.198019
-5.243352
-0.617715
-0.927513
-6.816060
0.087540
-6.697374
-4.379826
-3.054300
-2.685853
-6.052336
-5.387306
-1.106810
-2.682375
-1.159503
-3.531067
-1.628353
-1.670703
-3.470926
-4.110654
-0.534260
-3.670595
-5.990978
-2.139080
0.607839
-3.992226
-4.175569
-4.379341
-1.583229
-3.818674
-5.438479
-5.171058
-3.862343
-3.326256
-0.781137
-4.371405
-4.819174
-4.647036
-2.793184
-5.198623
-0.657506
-2.208439
-2.248566
-3.500447
-3.618754
-3.238973
-2.482662
-3.667215
-5.796386
-4.142614
-9.198592
-0.156242
-3.058406
-3.896750
-0.273005
-4.581099
1.901547
-4.072194
-1.101574
-3.355705
-4.073424
-7.438786
-2.320343
-6.582243
-0.965786
-3.164220
-1.998354
-5.529236
-2.963006
-3.443635
-7.181336
-0.116259
-4.624753
-1.828410
-4.059636
-1.159121
-2.350073
0.058765
-6.524627
-3.141554
-5.163013
-2.669860
-2.531983
-6.523634
-4.791781
-3.455738
-6.700799
-3.212726
-3.398167
-0.044990
-1.731662
-3.592667
-1.896616
-6.410399
-2.699407
-6.341093
-5.420059
-5.040796
-2.991985
-6.154025
-3.852249
-3.228713
-1.355576
-5.178252
-4.008616
-2.452709
-3.755462
-2.864777
-2.120298
-3.114536
-6.022624
-6.396790
-6.045533
-0.638670
-1.916798
-3.993517
-3.359445
-0.918863
-1.834993
-4.920391
-4.457938
-6.661702
-1.048433
-5.494428
-3.763232
-2.346992
-4.167532
-6.941351
-4.367619
-1.693001
-3.932719
-1.058466
-2.924561
-3.299620
-2.288681
-3.899948
-4.868302
-3.102318
-1.195080
-5.254678
2.404929
1.010566
-0.253432
