8
1 500 1000 200 42 777 13 99
-2.245019
6.909394
1.429634
-9.810141
-8.375579
-9.795784
-9.168072
4.185432
-7.676591
-7.158342
-9.094491
-9.385521
8.745220
2.895753
8.670061
-7.646230
-3.016498
-2.543606
-4.841560
-6.441414
-4.293381
-5.004841
-6.712453
-6.841198
-6.753510
-6.350332
1.694844
2.724875
-9.913167
-9.972257
-9.995004
0.339018
-9.721768
-3.888357
-3.437431
-3.534866
-4.626757
-5.446802
-2.432954
-2.451944
-3.179534
-2.313736
0.007480
-1.790016
-1.213783
-2.500230
-5.550947
-3.869596
-3.201738
-4.539321
-0.967461
-2.863339
-2.979916
-5.226933
-3.259902
-3.910214
-5.090977
-4.033515
-2.701917
-9.788396
-10.018872
-9.641955
-9.807585
-9.345872
-8.413612
0.056292
-0.275731
2.319331
3.940215
3.856660
2.066246
2.389481
1.537931
0.316029
-0.584190
-0.934595
-1.035795
0.154511
-0.198876
1.864867
-1.363537
-9.458321
-2.664422
6.800629
0.303678
-0.419679
1.200940
-2.274638
-3.380250
2.600165
-2.007591
-9.730102
-9.314179
-9.870932
-9.491915
-10.173072
-9.942387
-9.784664
-9.637774
-9.638922
-5.420350
-9.903016
-9.525895
-8.663410
-9.933141
-9.725720
-9.235146
-10.037397
-9.168484
-9.955862
-9.362433
-9.798336
-9.860901
-9.931480
-10.109565
-9.826556
-10.216618
-9.893424
-9.957720
-9.945377
-9.878382
-10.507650
-9.997001
-9.782403
-9.858143
-10.111384
-9.866002
-9.878602
-7.020781
-10.094996
-9.731049
-10.117711
-9.711097
-9.875826
-9.928352
-10.166326
-10.139157
-9.790221
-9.632409
-9.940484
-9.836246
-10.031949
-10.308838
-9.892207
-10.005095
-9.553484
-9.884558
-9.937774
-10.481766
-9.790221
-9.651947
-9.829646
-10.084384
-10.084156
-9.672235
-9.977438
-9.889021
-9.911237
-10.259371
-10.124825
-9.982152
-9.913054
-10.187841
-9.968331
-9.875005
-9.803374
-9.895248
-9.919364
-10.220548
-10.007944
-10.223496
-9.857880
-9.377711
-10.455111
-9.709999
-10.175068
-9.992414
-9.878143
-9.689492
-9.891200
-10.090110
-9.677999
-9.821918
-9.984166
-9.874069
-9.818764
-9.937739
-9.692032
-9.889021
-10.266471
-9.750968
-9.764169
-9.984119
-10.202477
-9.921766
-9.834664
-9.691022
-9.891557
-9.496511
1.736847
-9.866201
-9.821475
-9.957925
-9.635475
-10.184801
-10.038681
-9.966321
-9.488305
-10.395413
-9.926486
-9.839032
-10.070722
-9.945291
-10.177963
-10.312460
-10.278804
-9.815236
-9.937739
-9.933081
-10.060023
-10.110790
0.924465
-9.757348
-9.848071
-9.809257
-9.621535
-9.919825
-9.997942
-9.674344
-9.978972
-10.145655
-10.030503
-10.461230
-9.673185
-9.888096
-9.987795
-9.879592
-9.974629
-9.767810
-10.040604
-9.913167
-9.949622
-3.421128
-3.591279
-10.252103
-10.170600
-9.959907
-4.512334
-9.917903
-10.371223
-10.299520
-9.985593
-9.775381
-10.140515
-10.032907
-10.043949
-9.858170
2.122842
-1.811520
1.183300
0.032599
-3.654079
-0.266257
3.044224
3.727313
10.762484
3.992997
2.478292
0.870743
-1.332077
0.300900
-2.063291
0.053858
-2.712160
-1.756652
0.914605
-0.962285
-1.335799
2.558553
3.718871
-0.762274
-0.093470
-0.416309
-1.514096
1.053679
-1.966336
-2.730551
-1.683958
-0.479207
3.403504
0.872586
-0.786963
-1.198722
-2.435754
-1.234399
-3.905819
0.118199
-5.081538
-0.382840
-2.591276
-0.104077
-3.973225
0.058136
0.452786
1.152398
-1.338098
-3.686014
3.053783
-0.094364
3.414980
0.287759
-1.754158
-0.908595
-0.321324
1.268430
3.252128
-1.288323
5.179345
-1.989843
-3.288055
-5.429823
0.337693
-1.991446
-3.663557
-1.295147
-1.372132
-2.934718
-2.828012
-2.522492
-0.427810
-2.717972
-2.395452
-0.494243
-1.706372
-0.184623
-0.000290
-2.310603
-0.285655
3.426429
-2.552084
-5.691564
-2.788061
-2.849795
-4.376064
5.807810
-4.628029
1.583403
1.100483
2.759868
-2.473883
-2.623951
-0.680221
3.143247
-5.229677
3.176889
-3.136482
-1.249166
-1.717654
-2.598273
4.146089
0.103843
3.039074
-1.565595
-3.087340
-2.108711
2.534100
1.427086
-7.166003
-1.076249
-0.733188
5.501081
-1.000365
-1.817502
-5.811215
0.367568
-2.380093
4.698873
-8.228778
-9.922396
-9.857106
-9.816525
-10.062843
-2.569597
-3.740269
-2.655377
-1.265743
-2.449548
-6.247677
-7.975142
-0.395040
-2.057001
-1.381070
-4.078569
-5.084515
-3.017335
0.215644
2.827438
-2.142025
-4.133521
-1.748655
-5.101045
0.669506
-2.066765
-2.419167
-1.261167
-1.665804
-2.959936
-0.427501
-2.439017
-2.254263
-2.623578
-1.592405
-0.833537
-1.193523
-2.965939
-3.455231
5.248286
-3.234670
-3.474179
1.037796
-3.031312
-0.614425
5.144539
-0.940022
-3.440260
-1.757581
0.981178
-4.491942
-0.764160
-4.486328
-1.632490
-2.141098
-6.673878
-2.738585
-2.486202
-1.645314
-2.694918
-3.479336
1.866508
-4.117816
0.022965
2.340586
-1.715839
1.531061
0.182893
-3.024139
-2.584233
-3.767091
-7.281806
-1.371109
-2.385025
-0.718254
0.165640
-3.036691
-0.122437
2.935710
0.046413
-3.630468
-1.059354
1.283468
-0.641126
-3.651137
-5.621762
-3.570408
-2.172641
-1.897688
-4.952800
-9.529843
-2.838206
-3.204497
-2.323167
0.761624
-0.308730
-1.157414
-5.391379
-0.808891
-5.193449
-1.695464
-8.486747
-4.150119
-1.267990
1.984273
-3.710109
-1.148513
0.253892
3.453879
-3.405299
2.337170
-4.832555
-0.606204
-4.378795
-3.061608
-3.473501
-4.006453
5.283947
-2.891308
-5.593921
-2.396782
-0.040122
-2.026537
-1.521299
-2.040747
-2.695545
-0.066489
-3.700186
0.824043
-2.933192
-1.331853
-4.236631
-5.912383
-5.363166
0.404538
-1.707044
-2.421728
-2.171463
-1.555079
-4.505598
-2.496300
-2.857769
-3.254838
0.339350
-2.551832
-5.412673
-2.985143
-2.367027
2.445463
0.061359
-4.432838
-3.277780
-1.593438
-0.237049
0.605583
-1.228298
-1.565721
-1.038745
-1.063446
-10.560183
-3.279061
-3.239201
-7.199814
-1.634652
0.585577
-4.377207
0.845617
0.540314
-2.438152
-1.862541
-3.268241
-3.263335
-3.580763
-2.298821
-3.537346
-0.991631
-7.327093
-2.036182
-2.310794
-4.464181
3.900506
-1.389766
-0.846760
-3.545406
0.283078
-0.999771
-5.599652
-3.850653
3.192774
0.517372
1.800557
-1.838821
-0.256685
-2.236540
-2.159980
1.073071
-2.792981
-6.869813
-6.472266
-3.878120
-1.961101
-1.856532
0.708241
4.568071
-1.413675
4.054422
-7.097444
-0.051363
-2.360021
3.044423
-0.792432
-0.645969
3.919274
-3.881345
2.405641
-3.413530
3.668214
-3.286298
-2.267141
-0.890991
-3.445845
1.272663
0.100523
-5.238841
-2.957310
-3.387031
-3.664166
-0.134540
-4.143075
-1.812065
-1.527112
-3.603770
-8.230014
-5.166598
-1.209195
-3.879055
0.471407
-1.839294
-1.644519
-1.518740
-2.895012
-2.711073
-6.976742
0.412242
3.305785
-2.114787
-3.017000
-6.037505
-3.616857
-0.227756
-3.144697
-1.987686
-5.525290
-1.570598
-4.829315
3.082761
-2.090427
0.028091
-1.733293
-3.955597
-3.186588
-0.915575
-3.998917
-3.652687
-1.008188
3.847769
-0.714932
-4.083345
-2.221024
0.945007
-0.288535
-2.393034
-1.573407
-5.299990
-6.040845
-0.443588
-2.052502
-4.125399
-3.279191
-2.237060
-4.827194
-1.700906
-2.656737
-1.426069
-1.955549
-8.262920
0.209122
0.900645
-6.190223
1.050402
-1.475686
-0.435368
2.449880
-0.305397
-2.356718
-3.352679
1.054808
-4.175526
-1.662505
-2.773155
-3.600131
-0.560949
1.812806
-3.882621
-2.871543
-0.785074
0.609944
-9.899528
-5.547761
-1.038303
-5.569089
-2.512279
-0.892306
-1.297041
-3.302162
-1.272296
-0.422448
0.171187
-7.011918
-2.804629
-2.125709
-3.138923
-8.415270
-1.715860
1.414390
-4.351182
-0.918201
-1.516513
-3.678590
-2.342404
-4.437784
-1.715550
0.094089
-4.796269
-2.079575
-0.684383
-1.004414
-9.810257
-3.527394
0.075232
-1.614251
-0.968208
1.428909
-9.498702
1.131481
-2.321123
-6.576567
1.828488
-3.326682
-2.403630
2.054557
-3.228914
-1.237277
-6.150967
-0.771039
-3.194764
-3.076987
1.941235
0.601506
-4.130387
-1.054589
1.031614
-0.716741
-2.274406
-5.446510
3.383695
-3.546747
-2.910687
2.894951
-3.506501
-3.219997
-5.467960
-2.304882
-2.859051
-3.472471
-1.378602
-1.809621
-3.704210
-2.315861
-2.287530
-1.196639
2.338656
1.196091
-3.017779
-4.168934
-7.246312
-4.785960
-2.453900
-4.226553
-2.427980
0.567091
-2.734856
-4.643763
-3.311429
-3.296971
-2.519612
3.027279
-2.081332
3.254700
-4.367632
0.051514
-1.883574
0.488103
2.345631
-1.537732
-2.719208
-4.540987
-1.139393
-1.241253
-0.790987
-2.922845
-0.968417
-8.110803
-4.546860
-2.903331
-0.742537
1.199197
-1.048731
-2.235932
-0.036979
4.623548
-3.179452
-1.504399
-2.257846
-0.352932
-1.642610
-4.690826
-5.806525
-2.386224
-3.601464
-8.291818
-2.427923
-3.785690
-2.120416
-1.601613
-4.124249
-2.636151
6.063097
-9.342244
-8.670991
-6.560351
-3.190622
-2.906407
-5.729456
3.263555
-6.989431
-0.891184
-3.776481
-3.598792
-1.003427
-1.816134
-3.733260
-1.869213
-2.564860
-3.719652
-2.670024
-3.398590
-2.115171
-4.847782
-1.513307
-0.927662
-2.482003
-3.647802
-1.477695
1.364916
-2.495640
-2.572347
-0.222790
0.418030
-3.806103
1.873820
0.209579
-4.543424
0.039482
-3.347224
-0.854819
0.954038
-9.683958
-3.538532
-4.052008
-5.515490
-8.693985
-0.339612
-6.348360
1.284874
-3.418529
-3.342871
-3.004012
3.133120
-4.351517
-1.707700
-4.665123
-0.037474
-1.122661
-3.043450
-2.779458
-2.080129
-0.977158
-3.552755
-3.347539
-10.223842
-1.876817
-1.279868
-5.689420
-3.060684
-2.900650
-1.044046
-3.488623
-2.611577
-2.756208
-1.572938
-4.562592
-2.970252
-5.590943
-3.690756
-2.543665
-3.285568
-2.867293
-1.437701
-0.441230
1.692185
-2.244741
-2.278563
1.167691
-2.162624
0.037799
0.593708
2.030796
-0.876271
-0.673530
-5.133300
-1.621639
-4.297368
0.121734
-3.177120
-5.131084
-1.133084
-0.020033
-0.196433
-0.957955
-5.369114
-2.134696
-4.392472
-4.661841
-2.552379
-4.958522
-0.814739
-4.720123
-5.742343
-2.304780
-4.782663
-2.139225
-3.124258
-0.768603
-0.680347
-9.146654
-0.052564
-1.815526
-5.089832
-1.739971
-8.431824
-2.119583
0.294783
-5.645517
-3.860399
0.278616
-2.996029
0.037705
0.946999
-2.934361
-2.397945
-4.672172
-4.834216
-3.163799
-2.788473
1.049541
-5.808381
-2.404025
-1.796110
-4.038455
-3.069520
-5.902160
-6.487239
-3.747308
-2.126971
-2.538072
-1.262774
-9.478925
-0.935226
0.018578
-10.186434
-2.553358
-4.056196
-3.114116
1.623643
-6.075722
2.520047
1.992537
-4.813120
-5.773650
-3.649276
-1.692162
-6.776202
-3.248094
-5.695719
-3.338218
-5.867842
3.575986
-1.204004
-1.164015
-2.226047
-3.628124
-2.783457
-2.520462
0.578683
0.423292
-4.411761
-4.624813
-2.268218
-6.270319
-1.993520
-0.153597
3.329475
-5.995242
-6.930512
-7.184878
-4.747935
-3.356755
-3.854034
-1.679325
1.168717
-4.136460
-0.453851
-3.515365
-6.063504
-6.115693
-7.280713
3.038435
-3.045878
-2.973707
-0.975733
-6.549903
0.560528
-3.592432
-3.699322
-3.316999
-2.846801
0.332865
-2.521880
-0.884524
-3.515307
-5.521082
-9.424780
-2.052461
-0.869932
-7.395950
-3.306971
-2.040111
0.677940
5.705164
-0.850925
-2.460841
-5.533840
-4.005819
-0.666656
-5.467079
-3.847573
-1.378683
-1.427563
-5.988899
-0.774777
-4.394337
0.636202
-2.217137
-9.662431
-1.978433
1.133508
2.139879
-3.733858
0.278317
-2.853626
-2.480235
-6.531926
-9.713596
-5.918222
-6.940918
-1.354567
-3.023221
-4.222142
-3.642945
-2.859942
-4.277181
-4.232859
-3.124308
0.895141
-3.467020
-2.259757
-3.260717
-1.186656
-1.455397
-3.065678
-0.110074
-4.629762
-4.667589
-2.338860
-1.946589
-1.685456
-6.941906
-1.161898
-4.580894
-1.037617
-4.983482
0.679024
-2.351699
0.276149
-3.673784
-7.139581
-4.295263
-2.576575
-2.525311
-4.415354
1.665092
-5.217179
-5.331193
-5.920596
-5.944546
-7.931733
-1.081915
-1.140573
-0.787973
1.778051
-1.274352
-2.964717
-5.266328
-4.802247
-3.002188
0.792451
-6.259360
-1.265315
-0.329734
0.388320
-3.727383
-4.698648
-5.648448
0.029402
-1.946328
3.806684
-3.023144
-4.493156
-4.354973
-2.788165
-3.246623
-7.968531
-1.968248
-5.799718
-0.431420
0.782758
-6.514846
-5.854727
-2.726691
-1.973406
-2.572969
-2.391591
-1.012129
0.378700
0.974318
-4.911115
-6.328086
-3.072180
-6.675000
-4.391188
-2.133192
-0.757014
-1.866519
-8.016591
2.610188
-5.343030
-3.322711
3.555316
-9.056095
-6.271619
-0.391195
-6.161471
-7.338691
-3.868250
-1.778021
-1.527944
-4.679216
-4.403792
-8.120861
0.566736
-2.005692
-4.457782
-2.933877
-3.423494
-4.419910
-2.365306
-5.487484
-5.400532
-3.214696
-1.836228
-2.739507
-2.880191
-0.458624
-6.682497
-2.171823
-1.664561
-2.063829
-2.740148
-9.738395
0.784353
-0.038522
-5.944217
-3.751575
-2.304790
-3.280715
-1.152898
-1.743945
-0.192604
-1.403231
-0.965030
-4.529604
-6.005140
-3.139133
-6.044435
-1.520121
-9.834563
-2.049675
-1.704376
-5.029193
0.067866
-3.664285
-1.399955
-4.222944
-2.146919
-3.273923
-3.410830
-2.500088
0.208088
-4.350494
-1.647417
-0.501689
-4.244122
-3.621482
-3.888688
-2.154812
-3.615160
-1.523169
-3.710045
-3.747469
-3.219208
-2.696295
-2.826920
-4.410299
-3.590975
-3.269584
-1.037303
-2.245332
-1.318724
-2.602736
-4.869781
-5.052592
-0.112800
-2.970568
-3.151046
-3.151123
-2.256036
-1.220322
-2.071488
-2.530089
-3.344154
3.005470
-4.594148
-5.357258
-1.186390
-0.557116
-3.752511
-9.736745
-2.138461
0.201210
-3.972378
-5.450228
-4.079017
-4.882792
-5.854488
-2.092509
-3.023552
-1.070156
2.813624
-6.462321
-1.576761
-4.229977
-1.313138
-1.682778
-6.442893
-1.651491
-4.710570
-6.311207
-0.788685
-2.822627
-2.986314
-1.086664
-9.992414
-0.456199
0.406613
-0.924549
-3.358622
-7.341831
-3.863048
-4.358869
-10.005854
1.598853
-3.740410
-7.398883
-5.238070
-2.215324
2.786459
-5.955709
0.215452
-5.307893
-5.610808
-5.084339
-8.273747
-4.992621
-3.499972
-2.148531
-0.216299
-3.371312
-3.058873
-2.614360
-0.229044
-2.487413
-4.680064
-3.068820
0.192995
-4.722294
-2.279955
-10.041334
-4.140618
-2.308347
-1.962760
-3.936858
-5.188025
-6.536841
-3.095552
-1.772231
-0.621188
-1.410331
-2.004057
-1.362025
-3.311834
-2.547402
-2.317253
0.465675
-1.755069
-2.611843
-0.513510
-1.114603
-0.738444
-1.533210
-2.822335
-1.106045
-4.310835
-1.511406
-5.526031
0.474477
-1.569116
2.904388
-4.154699
-1.846766
0.693811
-1.867626
0.336280
-2.423828
-2.123405
-0.826979
1.059240
-8.262292
1.432007
0.440050
-1.193367
-3.377780
-2.418352
-0.184617
-1.466646
-5.585600
-4.418168
0.165050
-2.047600
-1.310243
0.813535
-0.006596
-5.055898
-5.774961
-4.152469
-1.094609
-7.039629
-1.165777
-0.937433
-4.784312
-4.523304
-4.898851
-4.916012
-0.811752
-4.555399
-6.684884
3.823604
-2.319302
-2.779022
-2.247216
-3.573421
-6.965790
-5.058898
-4.016064
-7.253709
-5.203462
-0.991745
-2.367234
-2.029404
-2.024193
-3.919106
-2.252538
-4.815064
-0.317483
-0.144908
-1.569583
-2.412528
-5.169475
-2.032132
-3.014275
1.937746
-4.780566
-1.131396
-1.988938
-1.055769
1.297202
-1.561128
-6.482225
-3.903384
-1.649086
-0.558376
-3.456735
-3.922487
4.622969
-3.208440
-2.555532
-4.058017
-2.932932
-0.089335
-0.384412
-3.050002
-6.942780
2.186265
-2.559592
-1.994083
-8.324523
-1.309399
-4.885290
0.872570
-2.046748
-2.008366
-1.594333
-10.012574
-3.033300
-0.715307
-10.085876
-0.885463
-7.101250
-2.697245
-4.561259
-1.896908
-4.848229
-2.713614
1.916736
-2.142121
-2.008949
-4.465256
-2.503827
-7.010164
-6.519909
-2.826314
-0.566331
0.190974
-0.628399
-4.063283
-2.130264
-2.359767
-5.304713
-6.206882
-1.563995
-3.778552
-2.647371
-2.541062
-3.923741
-1.859752
-0.771502
4.794600
-4.395486
-1.023360
-4.230816
-3.928982
-1.814986
-0.317033
-4.332670
-1.673167
-5.094223
-8.490968
-6.070216
-4.504261
-0.550310
-7.335938
-4.128301
-1.553903
-6.421128
-2.983589
-4.467123
-3.884853
-1.128759
-1.437528
-0.709383
-2.542164
-8.443636
-3.112782
-6.869290
-7.581805
-5.944124
-6.250492
-1.767228
-2.764621
2.003338
-4.374692
0.893846
0.442453
-2.801815
-7.350646
-0.762114
-0.917679
-2.951898
-6.825094
-5.092325
-5.152168
-1.166919
-2.723641
-4.805598
-4.822793
-3.630227
0.158246
-0.161594
1.138943
0.244059
-0.453395
-2.412719
-0.307633
-3.011680
-5.522713
-5.866018
-2.534178
-2.707740
-5.241848
-2.272001
-2.220911
-4.427863
-3.325368
-1.756855
-1.812242
-7.024274
3.912107
-3.364468
-3.433886
-3.381128
-3.305130
-5.180277
-2.577013
-1.070480
-4.867042
-0.558874
-1.419944
-4.496638
-2.630097
-6.257640
-0.579659
-3.576411
-1.176210
-1.273427
-4.325583
-2.970366
-2.368371
-1.354621
-2.424951
-1.672989
-6.199978
-2.985194
-6.078935
-2.524638
-6.317638
-3.993032
-2.595513
-0.924111
-4.234026
-0.966464
-5.192085
-3.435713
-7.290680
3.414712
-0.850124
1.199479
-2.398009
-2.449244
-1.769329
-0.685077
-3.736925
-0.298861
-1.516311
-5.151568
-4.831803
-2.358842
-3.451852
-2.317294
-2.271140
-5.700738
2.030630
-8.841284
-0.244183
-4.047854
-5.235903
-4.735214
-1.737823
-5.358294
-2.429457
-0.914763
-2.200828
-7.077511
-5.074753
-5.716169
-0.851421
-0.876130
-3.700280
-1.316194
-3.368390
-4.122086
-5.088230
-0.424929
0.330227
-3.441869
-2.372937
-1.873918
-2.725103
-4.579641
-0.774785
-4.148227
-4.407365
-0.413858
-1.854724
-6.867689
-4.343019
-1.248918
-0.775119
-3.414850
-1.810756
-3.868875
-4.639844
-3.336304
-1.015822
-3.036052
-1.818964
1.645339
-4.572550
-4.447433
-2.954594
-4.215049
-2.618739
-1.220625
-0.994729
-1.996552
-4.475929
-0.822494
-0.702829
-1.315261
-0.682469
-3.144980
-1.144443
-3.972867
-0.443223
-1.966531
-0.588810
-3.543591
-3.944777
-2.233437
-1.846852
-0.400332
-8.505898
-7.702078
-3.924168
-0.002504
-3.610636
-5.254867
-4.009512
-2.354756
-2.409262
-1.830403
-6.266437
-4.490980
-5.736557
-2.801388
-3.433078
-2.663199
-3.348616
-7.348665
-7.410463
-3.307156
-1.865268
-2.800915
-5.395752
-1.553678
-3.385173
-1.331375
-1.911282
-1.023277
-3.065216
-1.974748
-6.298619
-6.452684
-0.883907
-0.561095
-2.927162
0.716407
-10.302731
-1.400204
-2.929991
-3.912013
-1.033958
-2.061704
-3.104372
-8.046139
-1.776324
-1.909645
-5.515744
-0.936629
-7.091221
-2.154436
-9.109522
-0.196699
-2.017745
-7.051628
-3.061891
-3.057716
1.774555
-3.073270
-3.848292
-0.238517
-3.002470
-2.216799
-7.115421
-6.692917
-4.861670
-2.979789
-6.728228
0.896287
-4.703149
-5.637544
-3.211139
-1.821205
1.841436
-3.233521
-3.268511
-6.155403
-1.927488
-3.143214
-4.432276
-1.492678
-4.323890
-3.478894
-1.470873
-3.904202
-0.658907
-5.323842
-1.802108
-1.880781
1.287456
-2.618915
-3.723866
2.495590
-1.191831
-2.733411
-2.109161
-2.843451
-6.989169
-0.957560
-3.537832
-0.634348
-1.454009
-2.455721
-2.380278
0.461009
-4.446915
-5.482186
-1.642292
-1.588455
-2.110418
-4.561830
-5.585045
-4.768171
0.545159
-2.983158
-3.854241
-3.682495
2.360890
-3.619867
-1.578572
-1.590492
-3.499235
-2.912570
-4.448472
-7.065125
-1.651138
2.033267
-5.228886
-3.339921
-2.273937
-0.997975
-2.525228
-3.398328
-2.125287
-2.940166
-3.205521
-1.795097
-5.586390
-2.712463
-5.574764
2.509729
-3.206671
-9.905307
-1.947102
-2.431588
-9.264674
-5.497030
-1.336668
-0.938944
0.979024
-6.711946
-3.652713
-2.560469
-6.334811
-6.385143
-1.310259
-4.253126
-3.694983
-1.022140
-4.580074
-4.663952
0.226042
-9.520223
-1.509150
-8.200334
-5.779523
-1.063782
0.288052
-2.427417
-5.187516
-2.839481
-5.012552
2.285149
0.961654
-2.334072
-3.170371
0.428026
-3.294792
-5.721796
-4.732605
-0.454316
-1.424178
-6.011879
-3.667104
-0.699520
-1.445944
-1.790180
-3.325611
-3.803524
-1.834441
-6.657456
-5.620774
-1.380937
-4.875079
-2.200409
-3.887996
-0.394544
-2.522132
-3.946161
-1.069949
1.106018
0.094675
-1.821358
-5.867671
-5.735068
-4.851274
-0.796971
-7.699688
-0.480118
-3.517129
1.373332
-4.424706
1.047103
-3.284242
-0.491568
-0.382138
-1.799257
-0.732911
-7.315055
-5.255594
-1.102662
1.274356
-9.247120
-1.777314
-3.263678
-2.214064
-3.156036
-1.185346
-2.392879
-3.037603
-9.575729
-2.341178
-1.959115
2.003418
-4.881474
-4.074756
-1.651973
0.314783
-0.918959
-0.962007
-0.048417
-1.939860
-8.941488
-2.218645
0.635532
-3.158140
-2.070204
-5.066747
-1.742345
-4.127922
-6.592027
-4.873223
-7.669995
-8.250501
-3.519728
-1.197679
-2.485730
-2.164170
-5.192801
-3.024480
-3.149873
-3.238743
-7.175143
-3.857706
-5.896726
0.455933
-10.287951
-3.556537
-10.446183
-0.811273
-5.748934
-2.390006
-2.258691
-6.447376
-0.342916
-3.886840
-1.634768
-1.397725
-2.216786
-2.365903
-2.392678
-4.161192
1.336768
2.465276
-9.201046
-1.973127
-0.847404
-1.797899
-4.794237
-2.073536
-2.313319
-9.693668
-0.230294
-1.072712
-3.500099
-9.799025
-2.892103
0.179224
-2.950300
-3.135203
-3.653242
-6.129788
-4.224889
-3.421980
-4.451011
-3.049491
-5.073084
-2.032108
-4.483952
-2.643344
-3.014631
-5.004319
-1.335811
-0.672433
-0.082990
-0.825168
-4.779986
-2.364053
-2.323358
0.315985
-4.106003
-5.473664
-4.080291
-7.192459
-2.109221
-2.436411
-0.411305
-3.862174
-2.073157
-3.525837
-3.310714
-1.945287
-6.486597
-3.172098
-0.247514
-3.014355
-1.848290
-9.991202
0.574129
-4.521803
-5.883442
-1.285273
-3.450814
-6.621228
-3.904526
-0.679126
-3.916470
-2.347387
-3.854423
-5.157722
-0.216170
-9.268139
-9.854424
-1.532328
-5.739753
-2.902758
-0.998767
-3.255662
-6.709352
-1.990900
-3.451356
-3.472340
-2.898130
-2.784817
-6.034272
-2.218299
-0.778200
-1.009954
-8.572717
-5.923063
-0.419205
-4.079255
-4.533897
-1.865293
-3.588212
-3.205574
2.950420
-2.152454
-0.263646
-4.941811
-5.549102
-5.326580
-2.630139
-2.062869
-2.633984
-5.242030
-2.167350
-4.236445
-4.863939
-3.132064
-4.823826
-4.272274
-0.916741
-3.450969
-4.121654
-2.308836
-4.531022
-3.182934
-4.025066
-1.140687
-0.860832
-1.744301
-0.940628
-2.371528
-4.120759
-3.848609
-5.853445
-2.260267
-3.033283
-5.450168
-6.110876
-0.839650
-2.309649
-1.949544
-2.804135
-5.650009
-3.882889
-4.732707
-1.803635
-4.959839
-8.093373
-2.742172
-3.535748
-2.090984
-2.362546
-3.206627
-5.127192
-3.795672
-4.702466
-0.380106
-3.060979
-3.052585
-1.313528
-5.148786
-1.339360
-2.788402
-2.057040
2.757101
-0.208171
0.750908
-3.238468
-3.828019
1.076744
-8.547775
-5.977698
-3.255583
-7.014038
-4.832761
-4.679090
-0.111357
-9.972257
-5.461380
-6.259356
-3.192016
-4.180418
-4.559001
0.134410
-2.366723
-1.398823
-3.883291
-0.894239
-0.690767
-1.451507
-1.408780
-2.724520
-2.252544
-5.915076
-0.814873
-4.014169
1.646377
1.105647
-3.871084
-2.429905
-2.885140
-8.351090
-5.834726
-3.251474
-3.228303
-0.063404
-1.037078
-3.546276
-4.587674
-4.360358
-0.860536
-4.815139
-4.161350
-4.473586
-4.873155
-2.073299
-3.546574
-11.038316
-3.868543
-3.515074
-1.924335
-9.950509
0.562618
-4.252281
-5.069720
-4.537379
-9.545489
-5.469227
-2.798436
-0.684384
-4.717132
-1.189812
-3.504591
-4.305761
-3.842404
-3.262693
-1.288689
-5.878078
1.596118
-5.220374
-3.740770
-0.134968
-2.022252
-7.182616
-1.031664
-1.886927
-0.892529
-10.461048
-1.528755
2.992405
-2.060012
0.015039
-4.973105
-1.873547
-4.593122
-4.367620
-6.614715
-4.807090
-2.391689
-6.634768
-8.340435
-3.079015
-1.780361
-3.271653
-1.125144
-1.844301
-2.998643
-1.884948
-6.160869
-5.307387
-1.779423
-4.980013
-1.277637
-1.399906
-4.175579
-3.102105
-5.444394
-3.358038
0.158514
0.298481
-2.819820
-0.311710
-6.227870
-1.800774
-2.740745
-1.517851
-3.530068
-2.200112
-2.348076
-4.288015
-1.709818
-2.531904
-3.959907
-3.839324
-5.712492
-1.991163
-1.345384
-4.293622
-5.510740
-2.270323
-2.772743
-4.819242
-2.661608
-4.542811
-2.851328
-5.650352
2.139838
-3.448219
-3.797629
-2.655889
0.583020
-1.586853
-0.778585
-3.886569
-7.697044
-2.307638
-1.518583
-9.612327
-2.347950
-3.533136
-4.739167
-1.909775
-4.054802
1.065385
-3.261731
-2.092958
-1.885344
-1.792715
-2.269494
-1.276205
-5.138029
-5.823515
-3.823168
-1.650908
-1.877075
-2.930149
-1.615818
-1.492806
-1.152150
-3.271878
-6.796734
-0.238940
-1.476667
-7.552885
-8.923487
-9.704501
-3.944003
-10.236455
-2.723211
-3.554457
-3.647626
-1.698767
-3.997248
-2.814187
-2.799770
-2.089394
-4.804099
-2.127100
-0.781652
-1.063092
-9.272187
-2.871708
-0.918025
-5.852192
-3.698924
-2.784165
-9.591903
-1.262222
-3.635562
-3.657292
-2.646825
-1.738434
-1.300987
-3.455939
-4.609086
0.492661
-1.856789
-5.829784
-2.225749
-5.029405
-3.770940
-0.304489
-3.885949
-5.716375
-2.240598
-5.134438
-4.016251
-0.066585
0.053267
-2.781441
-1.183572
-2.746893
-6.307610
-6.232897
-2.912216
-3.652001
-3.562522
2.646030
-3.077600
-1.323863
-6.442982
-6.123645
-6.590288
-8.029613
-2.605866
-4.243759
-0.455215
-2.621578
-2.479853
-2.221229
-1.121971
-5.276062
-4.631551
-3.888301
-0.840175
-3.850807
-2.005577
-1.109881
1.022536
-4.481081
-6.674759
-1.037104
-5.172182
-4.303415
-4.055537
-5.973424
-1.429260
-4.765524
-5.486381
-3.101248
-1.366855
-2.530697
-2.194378
-0.921452
-2.278325
-3.368100
-2.142099
-6.625742
-4.358360
-3.364145
-3.060924
-5.975484
-0.757210
-0.008323
-3.533755
-3.021897
-4.775918
-3.833323
-2.684325
-3.596301
-0.911436
-0.643247
-2.800817
-0.450731
-0.790289
-1.494100
0.351300
-8.800221
-1.006639
-5.240873
-2.412242
-4.988615
-1.942250
-6.595255
0.177771
-3.998273
-6.682963
-4.251296
-9.619207
-3.256444
-3.190575
-8.090775
-3.203394
-1.418366
-1.371925
-0.477718
-0.633026
-2.362472
-4.339489
-4.432760
6.478871
-3.807919
-1.575264
-6.474084
-7.062689
-2.684019
-9.625098
-6.037506
-3.154022
-4.668772
-3.306416
-0.650221
-0.699943
-6.494173
-9.778283
-10.116792
-4.711877
-5.625351
-2.970824
-3.134413
-2.647737
-3.840768
-1.989117
-1.219771
-3.886360
-5.526888
-0.729222
-3.385248
-0.821010
-7.198753
-2.038589
-4.897463
-1.675640
-2.267072
-4.028577
-0.198824
-3.846184
-2.560147
0.244555
-7.727445
1.202490
-4.987515
-2.016064
-7.407002
-2.745816
-4.919084
-4.449624
-3.029647
-3.492725
-4.298786
-3.713968
-2.384636
-4.865819
-6.211442
-0.100707
-2.811784
-3.492748
-3.564781
-4.443944
-1.990706
-8.105516
-4.263021
-2.241256
-5.142492
0.388757
-3.555675
-3.424246
-4.211435
-7.198696
-7.456722
-4.338266
-2.697246
-1.701886
-0.611754
-8.576353
-1.343393
-8.695518
-0.938235
-3.246542
-4.017745
0.995496
-2.058032
-2.175929
-3.384318
-3.260674
-4.256155
-4.016947
-3.399402
-0.043044
-1.262209
-8.661090
-2.358806
-5.365568
-2.709070
-3.895904
-2.423103
-0.191833
-8.604533
-4.253994
-3.489336
-5.241555
-2.538236
-5.730548
-0.060656
0.786912
-6.318815
-4.033442
-0.033830
-0.728147
-2.104711
-1.290736
-4.874816
-2.905327
-2.936747
-4.882212
-1.572335
-3.244184
-9.391506
-4.254328
0.359760
0.206725
-7.445863
-6.593065
-3.778874
-4.850328
-7.144476
-2.511283
-3.853484
-5.086332
-2.439780
-4.063520
-1.909705
-3.279331
-3.644553
-5.785562
-4.305842
-3.582970
-3.084064
0.989080
-2.004431
-2.032692
-2.709403
0.528414
-0.004674
-2.210273
-4.227798
-1.445409
-2.474792
-3.371616
-1.240345
-5.263200
-3.304789
-5.652471
-5.863283
-0.013224
-2.872660
-3.159232
-5.945591
-8.732165
-9.594677
-6.327429
-4.276904
-1.840533
-4.450245
-0.722636
-5.232724
0.938900
-4.849564
-3.530732
-0.049527
-4.114336
-4.498824
-4.655631
-4.295403
-4.895847
-2.440581
-5.613677
-1.735827
-1.828155
-2.434358
-4.687141
-7.784475
-6.849325
-1.579641
-5.961529
-3.518131
-4.569315
-3.941921
-6.730692
-3.572070
-0.364595
-3.497346
-3.894673
-3.211258
-2.949207
-4.290524
-4.031747
-5.932048
-5.005206
-3.124212
-3.897788
-0.011513
-0.441888
-4.499367
-8.048689
-3.841788
-3.567912
-4.834706
-7.627256
-2.069011
-9.249708
-4.952324
-0.630845
-2.081547
-9.980119
-3.015025
-8.724516
-2.860521
-2.941747
-3.811626
-0.944475
-7.315159
-3.898869
-1.930884
-2.188438
-1.024725
-0.238093
-4.609374
-4.713372
-5.395772
-2.278976
0.576463
-4.771513
-3.774231
-2.725974
-1.478477
-9.485171
-3.776392
-2.612929
-1.177144
-3.664197
-5.865293
-7.677265
-3.740114
-8.518959
-7.280430
-2.867408
-3.720786
-4.901825
-5.018638
-2.508719
-7.426151
-4.279348
-1.332023
-2.531429
-2.305042
-3.902894
-1.978590
-3.693954
-4.523001
-1.391218
-3.149567
-0.442205
-3.564728
-3.735050
-2.989363
-3.785932
-6.681825
-3.341619
-3.938725
-1.576770
-2.969975
-2.948246
-0.981703
-3.634381
-3.600282
-3.984109
-3.333274
-2.210476
-4.429241
-4.580031
-3.842118
-4.942259
-5.126302
-5.198186
2.321029
-3.026055
-4.143320
-1.253506
-2.426172
0.681728
-0.484712
-5.090024
-4.559234
-1.691009
-5.887918
-5.007677
-3.797092
-1.862131
-5.438839
-1.082324
-0.927803
-4.147401
-4.566576
-4.207821
-5.547706
-1.747988
-1.123078
-0.716952
-3.307665
-3.489943
-3.994983
-0.735035
-4.209886
-4.427580
-3.913627
-2.585632
-5.474258
-0.683595
-2.890799
-7.730647
-2.640998
-0.238773
-3.529273
-0.733889
-3.786031
-4.805366
-0.302887
-2.462912
-1.478184
-5.586416
-0.392034
-4.532656
-3.263205
-1.561811
-5.770188
-0.131328
-4.619940
-6.346274
-2.899477
-1.377415
-4.024702
-4.423958
-4.716489
-2.073702
-4.352903
-0.684259
-3.009575
-2.752868
-4.804870
-3.736586
-5.737997
-3.691794
-0.882985
-4.612844
-2.623343
-4.993023
-3.173207
-4.781408
-2.236934
-2.358452
-3.609515
-0.872071
-7.603192
-3.760914
-0.343921
-3.216861
-0.045032
-3.987758
-3.570183
-4.163363
-4.102877
-1.724968
-2.501603
-5.454480
-2.960706
-3.663018
-4.709873
-3.790692
-4.558671
-4.546504
-2.809784
-3.045984
-5.744791
-2.679347
-5.469402
-0.886439
-3.661040
-0.792342
-0.831551
-2.894606
-1.527111
-2.907424
-5.016943
-1.940806
-2.653604
-3.180318
-4.914348
-7.464632
-7.174312
-1.491873
-2.493958
-5.902834
-6.283325
-2.364284
-3.413834
-2.792284
-1.149476
-2.205630
-4.275137
-1.801517
-2.653233
-4.636622
-3.500865
-4.178728
-3.562017
-2.396314
-1.681092
-5.005790
-4.403301
-2.736997
-2.673645
-2.850553
-3.618349
-4.469777
-1.080204
-4.314748
-6.249291
-3.015071
-0.193074
-10.344816
-8.386785
-1.094230
-3.522138
0.433465
-0.649458
-5.824683
-4.071457
-4.683832
-3.046773
-3.280606
-4.584362
0.205587
-2.738775
-5.337489
-6.197058
-9.801029
-6.013781
-2.276085
-2.160888
-3.084852
-1.718343
-3.758511
-2.054450
-5.873536
-4.616868
-4.345357
-2.619205
-3.809597
-3.964367
-5.752997
-0.495191
0.101270
-3.377351
-7.063277
-6.902025
-3.327838
-4.770058
-4.432753
-4.844078
-2.995648
-4.600915
-0.499275
-1.684909
-2.224023
-1.249532
-4.589526
-4.915584
-2.070443
-5.916805
-2.233545
-7.541489
-3.722002
-1.309652
-4.953375
-5.777909
-0.009406
-3.164121
-2.206628
-5.367691
-6.527259
-6.139182
-6.152635
-2.168576
-2.431400
-9.583419
-3.247748
-1.742777
-0.644863
-2.164304
-7.889373
-1.469736
-3.511798
-3.404961
-1.418743
-3.271908
-1.960767
-2.664453
-2.791180
-9.965257
-2.741630
-4.990681
-3.525662
-7.131081
-4.226047
-9.455157
-4.582397
-2.136735
-4.798022
-4.096666
-5.409616
-3.300628
-6.834589
-6.962517
-8.613636
-4.957295
1.505244
-5.584224
-1.714624
-9.077219
-1.982276
-6.066146
-5.221863
-4.367891
-0.727363
-7.050206
-2.500153
-3.947045
-5.164672
-2.689964
-8.246172
-3.175969
-3.374311
-2.503693
-4.550376
-6.305148
-2.494026
-6.146479
-3.012312
-4.550940
-3.060990
-1.745024
-4.200945
-6.252219
-2.640307
-1.648450
-7.545630
-3.861438
-4.426844
-0.870743
-3.817455
-2.784073
-6.842933
-2.189856
-2.697893
1.600966
-4.506077
-3.517383
-2.219429
-2.660934
-4.296808
-3.711796
-9.734752
-4.438904
-2.697123
-1.736694
-5.756215
-1.906620
-2.951597
-6.155749
-4.516675
-3.139034
-4.233454
-5.775647
2.034634
-2.475064
-5.853340
-3.142892
-3.869268
-5.871609
-4.095887
-5.184761
-2.433922
-2.427326
-1.914267
-3.334299
-2.019761
-3.254294
-1.701491
-2.563940
-2.016673
-7.852181
-2.588204
-3.517196
-2.340491
-4.747818
-5.614103
-4.135969
-1.685425
-7.417643
-4.468173
-9.789733
-2.425004
-3.969040
1.602173
0.208067
-4.391546
-9.294657
-3.267458
-2.090798
-1.604412
-3.711880
-0.735593
-0.463031
-3.403292
-1.928467
-4.253181
-7.423697
-4.306252
-1.272046
-4.535254
-3.826548
-3.092472
-5.059162
0.179558
-5.598755
-0.978048
-2.046303
-0.770261
-2.911121
-1.128735
-3.401132
-3.716526
-9.099224
-3.947493
-5.204087
-1.560195
-2.435236
-3.416798
-4.643882
-2.355818
-3.207906
-5.249515
-1.902781
-7.306834
-4.826389
-0.942021
-0.268957
-3.538414
-2.975955
-1.585591
-4.351195
-1.129565
-0.965392
-2.968479
-4.039202
-7.473743
-4.678548
-0.745199
-3.359626
-6.597860
-5.679309
-5.449699
2.396747
-2.690101
-0.064925
-1.954570
-3.564801
-3.658963
-10.106318
-4.164489
-2.798378
-2.263252
-6.365867
-3.590846
-0.444105
-4.109744
-3.146060
-5.456274
-1.000993
-1.275984
-2.900379
-2.717610
-6.397275
-4.773484
-9.337230
-2.563353
-4.332732
-4.738215
-0.163308
-6.151427
-2.108924
-0.787250
-1.270391
-5.821860
-3.079811
-3.639373
-10.324135
2.141626
-4.882456
-2.477757
-4.193491
-2.969172
-7.642994
-4.116883
-4.092380
-3.618659
-6.886070
-3.086206
-1.917119
-5.273843
-4.396163
-9.276283
-7.285262
-1.403593
-8.201604
-5.229328
-3.944687
-3.470761
-1.207695
-9.015427
-3.308520
-5.543087
-3.545614
-1.326123
-1.930142
-0.158830
-4.912729
-9.743217
-3.757487
-5.885576
-7.944450
-2.595225
-2.918842
-7.952716
-3.918686
-4.133976
-5.171577
-1.259758
-2.407374
-3.827468
-6.014005
-3.151213
-4.174993
-3.949119
-5.991382
-4.364055
-4.587339
-4.451037
-6.140577
-1.376122
-1.926899
-3.264471
-7.268273
-1.145843
0.601994
-6.482538
-3.526352
-2.640229
-2.881642
-1.505503
-6.861927
-5.246055
-4.865215
-6.565751
-0.980682
-2.242518
-1.543502
-4.948945
-1.596888
-3.544253
-2.647653
-2.562561
-5.415795
-5.408972
-5.485532
-6.140447
-4.401818
-1.055185
-5.901631
-5.325873
-3.694064
-5.242447
-4.375377
-2.405710
-4.327414
-3.798849
-6.122573
-3.228440
-5.400094
-2.636106
-4.139198
-5.077154
-2.596883
-2.598699
-4.969832
-2.981227
-4.319262
-1.234242
-1.349782
-2.352962
-3.578259
-3.686693
-4.551259
-2.480619
-3.175103
-1.385651
-4.273370
-7.936267
-0.490114
-5.260496
-4.025281
-6.687841
-2.450751
-1.445906
-3.582159
-8.545045
-1.748906
-2.459533
-4.810540
-3.629065
-6.667233
-2.650042
-4.381095
-1.873882
-8.436267
-5.740583
0.142287
0.571497
-3.085826
-4.066118
-1.633692
-4.600722
-3.175593
-9.804875
-2.616049
-4.429036
-7.156878
-4.529174
-4.491884
-2.911515
-2.412474
-1.898263
-3.410140
-1.658361
-2.717178
-5.133782
-9.966600
-2.404823
-8.259521
-0.793214
-3.983887
-8.422746
-7.703001
-3.073836
-4.561068
-3.602735
-3.084100
-2.653456
0.564097
-0.015781
-5.636520
-1.531276
-3.304868
-4.305130
-4.510812
-4.130719
-0.300262
-0.829435
-1.361058
-5.414346
-4.857230
-5.205546
2.656587
-5.642608
-3.721539
-6.541389
-0.355758
-2.590286
-6.787328
-2.671228
-4.085864
-5.533144
-1.765982
-5.777496
-4.070926
-1.368469
2.004655
-2.841160
-5.048491
-3.523236
-0.887024
-3.259944
-3.455263
-1.503109
-4.803049
-3.837864
-4.468420
-2.664860
-6.110178
-2.070403
-3.103344
-4.449359
-5.825855
-4.990201
-5.398839
-3.700783
-3.364456
-3.962800
-4.411228
-3.156559
-3.223223
-4.006435
-6.107188
-1.472332
-3.591445
-2.255934
-5.284720
-5.449358
-3.401989
-2.418055
-4.725430
-2.877322
-2.538763
-3.835268
-1.935222
-4.232733
-9.946458
-8.761699
-3.140441
-2.558825
-3.878960
-3.566363
-3.286420
-5.945977
-2.278633
-4.577497
0.971144
-1.610777
-3.994766
-2.768319
-5.818974
-7.321433
-5.169539
1.229355
-5.774169
-3.711549
-2.029017
-6.067090
-2.966851
-9.039805
-4.012398
-7.764046
-2.341924
-6.268425
-3.629065
-5.723968
-5.583572
-9.364570
-2.974790
-2.028121
-3.802507
-1.555461
-2.764054
-4.663727
-4.431600
-2.965621
-2.177463
-2.763607
-10.402333
-6.709779
-2.290373
-4.357460
-4.850826
-2.700919
-1.789812
-6.338533
-1.157786
-4.155214
-8.186945
-1.396406
-4.308801
-4.301319
-4.594148
-3.522245
-3.867108
-4.641873
-3.242584
-8.619846
-2.446827
-3.849113
-2.785850
-6.432460
-3.960097
-2.554869
-3.557201
-2.528552
-2.220651
-2.253588
-1.334779
-2.924317
-6.794209
-3.436397
-1.800892
-8.718659
-1.490530
-1.247316
-8.509088
-3.630512
-3.620450
-4.141518
-4.021223
-2.842660
-4.227297
-4.122988
-5.275011
-6.458251
-5.558845
-7.927894
-5.298831
-7.054887
-5.274214
-3.851774
-6.206799
-4.174559
-5.431818
-4.949006
0.398346
-3.500965
-3.251909
-5.124844
-2.544489
-3.490896
-7.273656
-2.413572
-2.707923
-2.394738
-4.834727
-4.712895
2.496488
-3.178268
-1.861572
-4.170270
-4.845032
-5.750078
-5.611062
-1.714814
-4.376738
-3.948755
-2.816677
-1.566649
-7.711791
-6.445223
-4.218346
-3.359026
-1.298992
-3.734041
-3.204286
-2.449570
-3.721216
-2.667217
-5.128028
-3.322291
-9.953275
-7.966869
-0.911919
-4.570940
-2.717751
-2.486447
-9.027367
-1.826669
-1.417921
-0.854046
-3.028669
-4.206644
0.122194
-4.501576
-3.684255
-9.040854
-4.314630
-9.878925
-4.667405
-1.770757
-0.911085
-6.147301
-3.837193
-6.428068
-1.801497
-8.541290
-10.045424
-1.292260
-1.490149
-2.751194
-5.025073
-2.360561
-9.928600
-8.106021
-9.671549
-4.947160
-4.268615
-3.931086
-1.783341
-2.889631
-4.067327
-6.824580
-0.616430
-3.054221
-4.646904
-3.402758
0.111222
-5.269802
-5.835342
1.446531
-8.832494
-2.767137
-3.278568
-2.313077
-5.592305
-4.622057
-1.675729
-3.839794
-2.842875
-4.516635
-4.370035
-0.407421
-3.459440
-4.104658
-3.848439
-5.166210
-5.645456
-2.248575
-3.372683
-2.245000
-1.397148
-2.425832
-3.450277
-1.692639
-1.452808
-5.922308
-6.322901
-5.665476
-2.344702
-2.953140
-4.053535
-4.084833
-1.829912
-4.799405
-3.513267
-9.388972
-4.213349
-1.302593
-3.241905
-3.812353
-0.974578
-4.950550
-3.493058
-9.571774
-4.809600
-1.868447
-5.772003
-4.735306
-6.793847
-1.756700
-8.983638
-3.734997
-5.584076
-7.669651
0.934931
-3.645638
-4.383622
-4.116867
-11.216403
-1.200039
-3.423683
-3.104262
-6.250189
-2.884262
-2.655946
-2.295781
-1.925391
-5.829873
-4.122540
-5.209078
-2.204376
-4.731874
-3.806029
-3.935101
-9.924574
-2.420991
-3.437779
-8.938458
-8.789382
-4.576596
-2.400762
-7.215832
-3.577925
-2.304904
-6.603028
-2.441245
-4.220486
-2.123953
-3.459173
-5.549952
-3.486702
-2.695285
-2.421374
-9.972692
-2.542828
-1.605372
-2.209600
-4.831707
-2.519668
-4.001502
-2.793898
-9.073713
-2.630958
-2.314627
-8.828437
-3.172597
-1.207636
-4.334361
-2.873001
-2.694483
-9.233592
-6.733272
-8.574590
-2.861856
-3.428533
-4.909476
-3.844743
-5.698574
-8.240003
-6.701512
-8.808176
-4.781637
-3.548887
-4.671870
-5.737965
-6.723845
-3.269851
-1.614665
-5.676571
-2.105129
-0.321530
-6.653929
-3.602105
-4.778621
-3.198690
-4.209502
-3.970746
-5.118825
-1.704489
-2.612192
-2.105865
-5.507780
-10.421038
-2.198600
-2.247017
-2.608566
-3.073078
-4.160746
-4.413893
-2.013044
-6.022952
-3.872936
-4.414271
-6.748853
-10.052532
-3.469728
-4.927722
-2.235440
-3.316926
-4.763053
-2.588881
-2.642920
-5.321989
-10.177396
-2.879731
-4.859202
-3.468368
-1.730318
-2.505787
-1.800107
-9.268840
-2.086113
-2.269313
-6.408274
-4.729885
-1.497394
-2.623884
-5.710756
-3.950827
-0.324429
-5.509109
-4.405048
-4.654279
-2.905641
-4.545724
-3.833985
-2.706999
-1.967003
0.858409
-6.041084
-2.876000
-3.176614
-8.477770
-3.473043
-1.955968
-2.868639
0.038530
-0.732174
-2.997507
-2.108974
-4.995964
-3.558017
-1.721704
-4.635399
-3.179670
-4.268905
-4.705235
-3.609203
-2.292805
-2.076895
0.254210
-2.727079
-4.326293
-5.127731
-6.621785
-2.678162
-2.507960
-4.890611
-9.197476
-2.401394
-5.283698
-3.962413
-1.502511
-7.246265
-4.515238
-4.335436
-4.710732
-3.869589
-6.473304
-3.195519
-3.434240
-0.106133
-3.564472
-5.120972
-5.972752
-6.433044
-4.749530
-1.323192
-6.727538
0.318929
-2.933673
-2.370691
-2.544206
-7.026427
-2.862480
-5.494042
-3.233680
-2.875497
-3.494858
-2.178421
0.495155
-2.644528
-2.652395
-4.620906
-8.937390
-3.685534
-6.729424
-1.380035
-7.149819
-3.281131
-7.429692
-2.407280
-1.233823
-8.826417
-2.413756
-3.234671
-4.234531
-8.534020
-8.816446
-2.811906
-3.605148
-2.957050
-4.940773
-2.821936
-8.645104
-4.235976
-7.544469
-1.628380
-2.225271
-5.475317
-4.249467
-5.122691
-2.144745
-1.378246
-2.451797
-6.683524
-6.228379
-2.795438
-3.708225
-4.896402
-1.011667
-3.353543
-9.669709
-2.571573
-4.769832
-5.102772
-2.788705
-4.518769
-1.787550
-9.212113
-2.362864
-4.737830
-2.508331
-4.737003
-5.813749
-4.477033
-1.787989
-3.168805
-4.056921
-4.695473
-1.755341
-3.114544
-1.819627
-8.922300
-2.013879
-4.760095
-2.076392
-1.692553
-3.379399
-8.992855
-8.455639
-7.831556
-3.262239
-4.446419
-4.394508
-3.492600
-2.978629
-2.480291
-3.360352
-1.298714
-1.789454
-1.224128
-3.996136
-4.754282
-4.098580
-1.853034
-3.583058
-3.099118
-5.393180
-1.750147
-9.183526
-1.400527
-7.780686
-6.836683
-3.831838
-3.982091
-2.975616
-4.162435
-1.170681
-3.545311
0.360668
-1.896951
-3.524887
-3.245929
-4.914961
-3.073233
-4.783251
-7.065136
-9.453761
-5.527114
-3.854487
-9.913037
-7.959962
-8.858535
-1.794916
-4.088234
-2.830817
-4.150214
-1.927995
-9.990233
-1.887580
-1.376623
-4.582352
-7.529317
-6.322917
-3.656523
-6.184378
-1.893440
-2.292495
-4.995499
-2.940595
-5.629749
-1.340094
-6.116288
-1.511291
-3.309130
-3.790432
0.411731
-1.864515
-4.250299
-5.627161
-3.072644
-5.135901
-3.689625
-2.558697
-0.441740
-3.291712
-7.134282
-9.992414
-4.324693
-6.118454
-6.267044
-7.144180
-9.860373
-4.332952
-7.749023
-4.054581
-3.664393
-4.988170
-5.037607
-4.389373
-2.939976
-3.687507
-2.171689
-3.194714
-10.023931
-4.628317
-8.871623
-4.860949
-6.437737
-2.450890
-10.090559
-9.212839
-1.096168
-2.819379
-1.057298
-4.359910
-1.961485
-3.346890
-3.652313
-5.647590
-5.206382
-3.979990
-2.932829
-4.181680
-0.574040
-4.092065
-5.179158
-4.621241
-2.719487
-4.953773
-3.413363
-7.379750
-2.906799
-3.016732
-3.517384
-7.073460
-2.811773
-4.635663
-3.615067
-2.714623
-0.718088
-4.222161
-3.715782
-1.774927
-2.926577
-1.654685
-3.572353
-5.960033
-9.879882
-7.576138
-7.337874
-3.232527
-3.890727
-2.378786
-2.298015
-2.857146
1.422847
-4.953610
-1.378806
-4.261342
-7.119583
-9.337765
-4.732912
-8.658849
-0.558518
-6.686650
-2.271059
-6.441346
-1.593305
-3.620939
-10.070969
-3.920598
-4.891492
-3.717008
-4.982565
-3.594920
-4.918682
-5.250459
-9.554171
-3.192076
-4.555899
-2.828878
-3.625113
-9.959022
-6.573472
-2.592655
-9.644746
-2.389405
-3.617148
-4.207242
-2.748577
-1.465092
-7.095628
-9.619522
-5.061364
-4.959865
-6.117042
-4.117698
-3.247710
-9.533676
-4.743813
-4.974370
-3.112782
-3.411168
-7.656481
-3.159263
-2.610408
-1.982015
-2.033854
-3.198604
-3.420212
-5.133087
-8.558718
0.649388
-3.212839
-2.352504
-4.662224
-1.537316
-4.290281
-4.254281
-3.065184
-8.951451
-1.959357
-3.816141
-2.516984
-4.860179
-4.640203
1.238882
-6.001640
-1.662959
-4.265509
-2.398939
-2.913712
-5.838938
-2.640635
-4.616395
-2.882007
-7.486246
-1.185347
-3.568794
-4.095097
-3.655180
-3.074590
