8
1 500 1000 200 42 777 13 99
-2.424801
4.438368
1.635127
-1.032363
-2.022252
-1.556617
-1.360897
1.066800
-0.659338
-0.471109
-0.617545
-1.726215
2.496095
2.142837
1.108210
1.142690
-2.943300
-2.674372
-1.143481
0.375919
-0.232021
-2.255968
-2.460285
0.735351
-0.084614
-2.195123
1.791007
0.834317
-1.173131
-1.310140
-1.558541
3.403611
-1.011430
-2.767110
-0.897671
-2.811682
-2.030743
-2.901560
-5.858490
-1.860928
-1.745760
-1.012416
-1.777150
-4.558713
-4.521345
-4.149387
-2.307162
-1.961893
-2.460079
-1.916448
-1.833916
-2.960636
-3.056808
-3.069092
-1.312532
-2.682256
-2.513263
-0.320819
-2.467129
-2.885639
-1.577152
-1.613437
-1.072468
-1.602483
-1.596627
2.938497
-1.154056
0.018223
-1.726741
3.475522
-0.873033
-1.705093
1.618132
4.868288
-0.116719
0.366965
-6.190251
-0.826021
1.242685
2.048181
-0.800160
-1.166672
-0.571594
-0.090822
-3.327059
0.170792
-1.836112
0.391479
-3.044959
3.936604
-1.709422
-1.102099
-0.797006
-2.301321
-1.406521
-1.906851
-0.901548
-1.161971
-2.138497
-1.160893
-1.709056
-0.995768
-1.356782
1.454234
-1.306180
-1.630014
-1.080761
-1.066616
-1.309624
-0.983800
-1.298275
-1.016288
-1.441153
-1.117285
-1.167576
-0.944087
-0.944736
-0.761193
-1.695040
-0.630932
-0.726625
-1.416944
-1.216040
-1.116209
-1.371724
-0.812400
-1.076343
-2.082173
0.605835
-1.152920
-0.994439
-0.847406
-1.102914
-1.276806
-0.931525
-1.174745
-0.905651
-0.904025
-1.014760
-0.708797
-0.927024
-0.990594
-0.980117
-0.700351
-0.312082
-0.590484
-1.164880
-1.310160
-1.583979
-1.320352
-1.224415
-0.850270
-0.959527
-1.108642
-0.327898
-1.572020
-0.520459
-1.158501
-0.842388
-0.604737
-0.551479
-0.870436
-1.302589
-1.258902
-0.797554
-1.109761
-1.261505
-1.214365
-1.537123
-0.801946
-0.800978
-1.522421
-0.888491
-1.772204
-1.043802
-1.402238
-0.720812
-1.274372
-1.071008
-0.902167
-1.303487
-1.167271
-1.257167
-0.986518
-1.322543
-0.909756
-0.795999
-1.549975
-1.588445
-0.588721
-1.072468
-0.768832
-0.991954
-1.261505
-1.262502
-0.629439
-1.161391
-1.073205
-1.067339
-2.584386
-1.683606
-0.908512
-1.649414
-1.396142
-0.974165
-1.166781
-0.698440
-1.382166
-0.792966
-1.258034
-1.036621
-0.974837
-0.795181
-1.049661
-0.819895
-1.158501
-1.261638
-0.989928
-1.162772
-1.370961
-1.169094
0.367446
-1.104068
-0.721791
-1.264975
-1.501863
-0.687638
-0.734171
-1.623944
-0.923296
-0.964198
-1.447998
-2.222237
-0.950266
-0.532802
-1.136749
-1.264108
-1.180820
-1.471440
-1.408457
-1.269313
-0.965522
0.335228
-2.100584
-0.829877
-0.632425
-1.273518
-0.938441
-1.203270
-0.992402
-1.001553
-1.079839
-1.061623
-1.196327
-1.671608
-2.129868
-1.398777
-1.316484
-0.371349
0.067565
1.420518
-0.411024
1.696881
1.186483
4.769711
4.288446
-2.439884
0.533196
2.223974
-0.846632
-0.533819
-3.883808
-2.348233
-0.020912
-1.282513
-2.501703
1.327714
-0.762605
-1.075134
0.617071
1.153633
0.470779
3.473933
-0.758454
2.096680
-1.340815
-1.994446
1.429042
-0.029924
1.401177
0.213705
-0.218648
-0.850455
-1.436328
-0.270921
-1.345187
0.164683
0.151075
1.237255
-1.975693
2.541521
-1.910260
0.631859
0.453362
2.663716
-2.169935
-3.973770
-4.401743
1.898123
0.816904
1.126683
-2.512462
0.707364
-0.934404
-0.906316
3.673342
-0.287739
-0.165973
-1.194600
-2.376526
-2.811188
-2.440042
-1.305316
-2.126209
-0.619182
-0.302715
1.259335
-0.081560
-0.116761
3.520234
-1.998141
0.884551
-2.127030
-1.123028
-1.193546
1.690185
1.456482
3.916059
0.079915
-0.711226
-0.148971
1.642146
-5.101888
-2.450064
0.072793
-5.413675
-1.596537
-1.610854
0.460630
1.466741
0.267696
1.951643
0.251088
-0.920898
2.860280
0.360310
1.464412
-1.717262
-2.971122
1.201366
-0.498818
1.512519
-1.157675
1.550577
2.179291
0.122205
-2.034011
-0.107750
-0.069663
2.167737
0.209186
-1.924135
4.649697
0.445136
4.258144
0.045045
3.899883
-0.594213
-0.607475
-0.608458
-1.107435
-1.399019
-5.367767
-1.729542
-1.565129
-0.367501
1.647744
-1.661469
-2.368664
-2.001619
-3.191212
0.741295
-4.028362
0.038266
-1.646707
-0.620331
-2.295692
-0.810869
-0.094576
-0.543831
0.784296
-1.526139
-1.163747
-0.483087
0.751366
-2.565681
-0.255965
1.406264
-1.127926
-0.759172
-4.484950
-2.027229
0.432479
2.887191
0.551131
-1.100550
1.360506
-1.026920
-1.627566
1.734931
1.558548
0.410670
-0.505934
-2.955238
-0.828992
0.118400
0.531952
-5.624308
2.357303
-2.905463
2.313160
-0.130145
0.867273
-2.308486
-1.255003
-4.246508
0.782888
0.120762
3.542868
1.217579
0.221902
3.204045
2.681110
-1.308572
-0.187534
-2.271184
-0.801354
-1.545671
-0.201638
-0.143913
-2.003517
2.549909
-0.484496
0.503385
0.388710
0.789969
1.331248
-1.625104
0.727382
-1.049858
-3.764788
-2.621454
0.336086
-1.065761
0.505656
0.393059
0.598890
-1.445536
-2.058973
-0.621864
1.467383
-1.717081
2.181024
-0.578759
-2.112788
0.412052
-0.136378
-0.937412
-0.217709
-0.976407
-0.057067
1.291923
-0.277908
2.621035
-3.409126
-0.892711
-3.389300
1.863042
-2.892019
-1.976405
-3.576870
2.189944
-0.060897
0.253830
0.398234
-0.515552
-3.744717
-1.769402
-0.858885
-1.507320
0.018102
-0.858319
-1.084409
-0.111197
1.060654
3.328154
-1.961505
3.740267
-2.814457
-2.449813
-0.704267
-1.181903
-2.062373
-0.623866
2.992046
1.218834
0.013249
5.104139
0.033886
-1.839528
-1.900019
-1.337154
-3.468212
1.071631
0.689702
1.004021
-0.781214
-5.101178
0.662038
-0.728375
-1.519599
3.117706
0.324720
-1.591560
-1.513037
1.148957
-1.770544
0.176437
-2.102391
2.851546
-2.476094
1.770217
0.427277
-1.250503
0.068502
-2.525775
-0.913253
-1.427792
-3.413514
-1.597119
-3.367120
-0.789092
-0.878110
-3.961620
-4.585719
-2.785733
-3.792655
3.262411
2.706474
2.487101
1.497940
3.058012
0.148446
-1.528428
-0.450157
-2.102419
2.394606
1.336739
1.874733
1.840730
2.407426
0.899942
-0.976150
-2.503489
-0.108827
-2.645291
-3.336644
-0.444368
-4.307212
-0.720556
1.017478
-0.726318
-0.546919
-0.772404
0.472468
1.057752
0.886199
-0.367601
0.865727
-1.589874
-2.050850
0.955818
-0.356309
-1.155445
-1.826809
-1.371920
-0.703199
-2.965210
-1.354347
1.808160
-2.888159
-1.769111
-1.060768
0.110827
-1.656860
-1.446641
-2.878862
-1.317786
-3.780061
-1.526133
-1.116929
0.559906
0.321522
0.157934
-2.318592
0.517075
-2.376013
1.225110
-0.369890
0.990734
2.695837
-2.287761
-1.470624
-1.259424
-1.906537
0.005770
0.774924
-0.428727
-2.199611
-0.088261
0.736931
-1.422263
4.139133
1.293887
0.797970
0.028135
-1.577304
-4.373885
-2.262262
2.147907
-1.002173
4.288969
-0.843551
-0.910681
1.329604
2.688381
-0.527014
1.662731
-0.082132
0.448673
-1.154888
-0.498422
0.564540
-0.901681
2.795788
4.733969
-1.632582
-2.280487
0.217284
1.573654
-0.249477
1.974522
0.457843
-1.200702
0.614239
-2.802332
0.368993
-4.637265
1.808563
0.556017
4.807528
-2.282656
-0.646380
0.933789
-5.118039
-2.463314
-1.622521
-1.584468
-0.516680
0.124666
-0.582377
-0.238725
-1.562859
-3.174103
-1.593410
1.102680
1.865112
-1.436404
-1.683994
-3.318925
-4.672281
-2.051509
-0.480492
-1.050538
5.131544
-1.698908
-1.802745
-0.011217
-2.562355
1.385222
-1.004747
2.592195
-2.613884
-1.183768
-0.711182
-1.202095
-1.231888
0.706159
-0.249618
-1.202898
-2.635024
0.247973
1.237744
-0.791008
-0.905263
-2.316045
-2.794975
-1.790360
-1.090581
2.273710
-0.892880
0.746846
3.061349
-3.971987
1.736822
-4.915162
-0.586170
1.613245
-0.717510
-0.529687
-0.855251
-0.930769
0.142989
-0.880307
-1.022995
-0.991493
-0.565997
-0.806119
-1.536439
2.526304
-0.218357
-2.167264
0.921584
1.947957
0.326708
-0.442682
-0.584869
4.161714
-0.470491
-0.380980
-1.277570
-0.761222
0.207020
-1.964922
-0.477798
0.314923
-3.104470
1.259407
-1.943107
1.684850
-0.662976
-0.025830
-2.345930
-1.139819
-1.680675
-0.013748
-2.616841
5.804530
-3.380692
-0.377230
3.399060
1.945166
1.269036
-2.912229
1.228976
1.904577
-1.406037
2.672680
1.461127
1.277133
-0.630886
-1.536325
-1.138732
-0.369706
-2.079204
1.550676
3.191059
-2.343382
-0.701922
-2.121610
-2.314324
-1.071480
-2.445850
1.811707
-2.750788
-1.493741
-4.971096
0.993627
-2.817751
-0.347043
-2.813071
-1.805891
0.437864
-0.907489
-1.246449
0.037545
-1.807785
1.171839
1.424312
1.736232
-4.297723
-1.345461
0.330089
-1.702991
0.481070
-2.038168
-2.513288
-4.609839
-2.182451
-0.113433
-0.252791
6.774909
-0.079600
-0.282584
-0.402045
-2.346394
-1.449925
2.173847
-4.535376
-0.385328
-0.618860
-1.425229
-1.521210
-1.101582
-1.249099
-0.634362
-0.887300
-3.779825
0.729631
-0.861448
-1.011286
-1.218616
-3.623245
-1.351931
2.544005
1.322069
-0.875389
2.342427
0.657704
-1.364825
-1.939258
-0.256397
2.564270
2.337801
-1.771673
-3.256885
-0.874531
-0.652707
-2.163357
2.036367
-1.717641
1.475593
-1.053461
-4.072427
0.375507
-0.536931
-2.747173
-1.068434
-0.127977
1.819792
-1.320290
-1.647940
-2.621282
-3.675148
-0.696396
3.349744
-0.613255
-1.038484
0.324277
0.205016
-1.333137
-2.096940
-0.586620
-1.025452
-2.665221
0.534474
-3.588961
-0.634657
1.369582
-5.497379
-1.602253
-3.371234
-1.690823
-0.741660
0.134430
-0.245186
-2.797280
-0.821740
0.167696
-1.371235
1.718057
-1.521417
-1.017516
0.877277
2.947222
0.862042
-0.549393
0.802647
0.618425
-2.034681
-3.265695
-1.182072
-1.081745
-0.336008
0.467910
0.267597
0.153399
0.341931
-0.342274
-0.491403
-2.035009
-1.136960
-0.463150
2.813895
-0.557817
1.349917
-5.327134
-0.309247
-3.533196
-0.572522
-0.173373
-0.888991
-1.919837
0.401121
-1.468474
-0.397769
-0.546102
-2.534076
-1.996950
-2.596566
-0.438744
-0.647350
-1.189195
-1.234722
-0.267381
0.148914
-4.792537
-1.383981
0.791704
-3.224708
-0.759216
-1.027674
0.392343
-0.937049
0.043981
-0.339561
-2.232003
-1.197621
-2.291162
-2.442090
-2.534193
-1.597771
1.854905
-2.519400
-2.859255
-0.093149
2.164373
-1.241228
-2.579895
-1.644461
0.871602
-0.881567
-2.050241
2.303379
0.820081
-2.161971
0.660838
0.545367
-1.854325
-1.493871
-2.457610
-1.233756
0.660683
-4.937489
-0.594641
-0.201192
0.177928
-1.482353
-1.784374
-0.986955
1.170444
-1.412150
-3.824840
-1.031864
-1.571676
-4.336751
-4.128173
1.057699
0.102936
-2.909544
-0.096122
-1.658714
-3.892534
-2.968899
-1.276529
-0.397368
-2.705739
0.188658
-3.419533
-0.802658
0.372589
1.012046
-1.274701
0.424624
3.121875
1.898075
-3.842811
-2.832501
-2.718360
-0.567268
3.598773
-1.550920
-1.564419
-2.870240
0.122314
-2.498486
1.971537
0.631673
0.742327
0.306829
-0.806413
2.370615
-0.116651
-2.585215
-3.025666
-1.152284
4.493717
3.844961
-4.307717
-1.507125
-1.783974
2.831571
-1.465087
-1.601284
-1.216015
-0.108527
-2.796122
-0.139322
-1.014637
-1.559581
1.489588
-0.966961
-1.008000
-1.982326
2.650763
-0.751130
-2.083862
-3.938099
-0.025554
-3.070448
-2.373930
-3.305595
0.242881
0.917800
2.144555
-0.318043
-1.558072
-0.023810
-1.288056
-3.311373
-3.489177
-0.012797
-3.067124
-3.353063
-1.560090
-3.480448
1.734231
-0.175680
1.029565
1.852875
-0.384565
-1.201603
-1.662542
0.348299
-2.568242
-2.688105
-3.804988
-0.397446
-1.358227
-0.027101
-0.691128
-2.492808
-0.973257
-2.799526
-3.342516
0.365943
-2.385679
-0.168838
0.441684
-6.580796
-0.935059
-5.786247
-1.067257
-3.137433
0.396047
-2.631191
1.313225
-2.529008
-2.711145
-3.144277
0.307237
-2.104651
2.204798
2.480974
-2.116470
-3.357615
6.568961
-1.084128
-1.881534
-3.191960
-0.820601
-0.603297
0.529664
1.635996
-5.373646
0.717269
-0.175564
1.931902
1.037454
-2.467827
0.597618
-0.210096
0.059086
5.556784
-1.094024
-2.346294
2.268987
-0.756163
-0.572984
0.345311
1.406972
-0.660816
1.996139
0.992019
0.156743
-2.757958
-2.604162
1.983527
-0.098293
-1.092586
-0.221026
-0.988709
0.939456
-1.119701
-2.892564
0.490457
-1.582399
-1.480675
-0.602832
-3.606433
0.010742
1.134996
0.037490
1.526581
-2.260631
-1.757900
1.422713
2.112321
-2.687790
-0.019207
-1.710075
-0.899355
-1.210733
-7.074037
0.246309
-3.071964
-3.549047
-3.062986
-1.995869
0.901670
-3.160886
-2.977897
-1.617084
-0.204241
-1.523610
-0.678397
-1.458409
0.563520
0.331765
-2.403638
-0.597497
0.291146
1.871726
-2.605986
2.498564
-4.209779
-2.202056
0.688372
0.036986
-0.912673
-6.063921
0.119435
-2.361817
-1.049892
2.544879
0.626386
-0.213405
0.548772
0.869074
-0.982258
-4.722409
-2.213029
1.320581
-4.270076
-4.416582
1.498840
0.762103
1.444652
0.755336
-1.350516
-2.601161
0.194293
1.947910
0.179540
0.238750
0.900517
-0.288544
1.523011
-1.413465
1.679331
-0.876732
0.402084
-3.001234
1.524840
-1.728394
1.530279
-2.414945
1.181831
-3.102252
-1.356608
-3.774763
-3.622417
1.472620
-2.317595
0.363779
0.223353
-2.332624
-0.837848
-1.932920
-0.524809
0.113486
-3.056882
-3.541092
1.119832
-2.081938
-4.177647
-0.529050
-2.959393
-0.140304
0.954790
-0.909284
1.672937
1.460565
-1.352270
-0.986434
3.996705
0.568129
-2.998748
-4.720906
-0.328099
-2.482755
-1.218388
1.474352
0.377944
-1.973816
-1.146763
-0.847930
-1.602717
2.210606
-0.795907
1.630164
-1.150109
1.268756
1.178126
-1.008446
-2.544250
-3.784714
-1.108239
1.571350
-0.042452
0.467132
1.050547
-1.801495
4.384284
1.158527
-0.212324
0.296550
-2.672824
-1.956204
-2.877114
0.027630
-2.267401
-1.744136
-3.276086
-3.731811
0.443600
-2.787979
3.369555
-6.513448
-0.531559
1.879219
1.061534
0.196411
-0.330024
-1.543705
-0.988777
3.578707
-0.231241
-0.526627
0.465953
-4.671586
-0.756982
-1.104143
-0.922715
-1.480125
1.908706
1.354876
0.025418
2.601912
0.572308
-0.159209
1.374508
-1.728359
0.200075
-1.532670
1.313441
-0.126081
-1.957241
-2.291325
0.933001
0.133996
-1.393676
-1.053718
-1.346409
6.609035
-3.002676
-0.741166
0.313803
-2.067589
-1.982858
0.171738
0.039722
-1.353717
5.966879
-1.319335
-1.750817
0.011638
-0.345797
-1.190294
0.864145
1.625896
1.319395
-1.769725
-1.642045
-3.512747
-1.474479
-2.319340
0.131375
1.125429
-2.876596
-4.390538
-2.278590
1.728508
-2.492185
-1.997790
-1.790703
-1.751066
0.138634
-0.083398
-0.371915
2.419292
0.420451
-0.520729
2.511342
-1.164243
1.673520
-1.490433
0.344236
-1.626275
-3.112634
-2.071944
-1.248407
-2.037359
-0.134158
-2.163152
-1.874694
2.765051
-0.555753
-2.572306
-1.694525
-1.776725
-1.662751
-0.921416
2.435538
-1.495178
-0.424049
-0.528473
-0.504137
-2.613974
2.431758
-1.841621
-1.842931
1.822281
3.988422
1.322533
1.212994
2.023938
0.459264
1.867517
-2.041615
2.454100
0.075542
-3.270625
-3.953745
-0.357152
-1.667812
-1.441156
-1.642847
-2.728774
0.466118
-1.268730
-0.890191
-0.795194
-2.532687
-3.357002
0.762028
-1.465865
-2.226610
1.597641
-0.991693
-3.029093
-1.373650
-1.161391
-0.102813
-0.874015
0.036427
-4.077730
-0.256297
-2.547516
-0.631618
0.045468
-3.590883
0.117548
0.538218
1.903269
-2.472713
0.076021
1.464346
1.994031
-1.159811
4.667505
-1.249336
-0.880927
-1.930451
0.728011
1.644152
0.456870
0.819536
1.308512
0.545888
-1.617579
2.128391
1.413081
3.236734
-2.574343
-3.196628
-3.722757
-2.432479
-0.891151
1.488086
-3.398732
0.372678
-0.720977
-2.186018
-0.141119
-3.608743
-0.068374
-2.546498
-3.302984
-1.517032
-1.252970
0.203025
-6.091404
0.555802
-0.563834
-3.503756
3.327646
-1.129770
-0.967034
-1.348924
-2.226408
-0.634564
-1.185824
-3.583292
-0.773353
-3.426250
1.507793
-2.679549
-0.293133
5.290270
4.055794
0.035168
1.582756
-0.244389
-0.098290
-1.982391
0.728476
-0.023988
-0.860796
-1.717665
-1.386906
-1.217843
0.286148
1.264330
2.233137
-3.168269
-0.037764
-2.047155
-2.928571
-0.421700
-4.195046
-3.885729
-5.458592
0.088898
0.619595
-0.910674
-3.632860
-2.330452
-1.012564
0.100578
1.776088
-1.958331
-1.251813
2.272792
-2.874510
-0.605633
-4.097185
1.363410
-2.273355
-0.654930
-2.007068
-1.135334
-1.095017
0.442269
-0.428542
-2.492591
0.185911
0.177845
-1.308908
0.605420
-1.547988
1.848913
-0.269921
1.143324
-3.673329
0.131112
0.246933
0.798014
-2.674392
-0.610887
-5.979878
2.180360
0.524577
1.536550
0.323294
-2.263792
0.170272
-0.759948
3.551660
-1.612301
1.130892
7.055799
0.816622
-4.167936
-2.478658
-2.305891
-0.250329
1.899400
2.505028
-0.607234
0.532648
0.339133
3.196944
-2.149926
-0.518016
-0.111566
0.077292
-0.837444
-2.651398
1.267225
3.360551
-1.731738
-0.812161
-1.501670
-1.892952
1.640848
1.004765
-0.703269
-0.416524
-0.470222
-1.127168
-0.265591
3.569875
1.180571
-0.842940
-0.798828
0.535672
1.607667
-1.651352
0.761273
-3.598942
-0.215279
-2.304213
0.832467
-2.590445
-2.869729
-0.246268
2.093446
1.555035
-1.953735
-3.092067
0.644174
0.916447
-0.330046
2.459674
-0.789556
0.495950
1.727543
-2.348607
4.029599
-2.849801
-1.227047
-1.661031
3.219812
-2.199971
-4.304018
-0.161238
-1.072916
2.410779
2.216294
-0.983937
2.587762
-2.265891
-0.464125
1.881445
-3.897986
-0.305677
-1.626158
-1.810360
-0.636494
-1.860111
-0.380978
0.501341
-1.527800
-0.638466
0.082087
-1.637794
-1.162559
-1.129055
1.069795
0.811889
-3.234680
-2.871057
1.722448
-3.997818
1.128748
-1.791653
-3.756137
0.060548
-4.319823
-1.723504
0.082388
-2.388043
-0.428991
1.855118
-0.824986
1.766449
0.132459
-3.486053
-4.978701
-2.423861
-4.728002
-0.535248
1.614845
2.000878
-1.320056
0.535085
-1.055445
-4.204755
2.488525
-0.830907
0.169940
-0.728108
-1.675636
0.595560
-2.281215
-2.237475
0.379979
-1.132136
-2.300876
-1.307886
2.788753
3.744811
0.783101
-1.220483
1.859328
-1.122986
-2.229572
-1.216684
-2.153549
-1.572448
-1.880402
-3.956450
-0.789232
-0.616347
-1.148864
1.502343
-0.620028
0.098080
-2.091572
-3.834453
2.564771
-3.925542
-0.095805
-2.457366
-1.854743
-2.956756
1.740466
-1.982914
1.600371
-4.085312
-1.751494
-2.257805
-3.633603
-2.284314
0.995249
-2.234917
0.759687
-1.376287
-1.197530
-3.417553
-1.016358
-3.256161
-3.459228
-2.018440
1.613396
-1.107842
-1.248663
1.437227
-1.333235
-2.886034
1.549535
-1.858775
-3.788930
1.099029
-0.057831
-0.221316
0.851411
-0.735426
-0.552435
-2.450410
1.424455
-3.026458
-0.004277
0.380952
-0.839849
1.618156
-1.483976
-2.046463
2.796539
0.812071
-2.190246
-0.475984
3.501899
0.253620
-0.334282
-2.146939
-3.053062
-2.120026
-1.964204
-0.896421
-0.664475
3.557992
1.782197
0.592143
-0.949509
2.526350
0.128333
-1.396437
2.818276
-0.666467
0.970143
-4.649881
0.281511
0.056762
0.807814
-1.611748
-1.063681
-1.690375
-1.983130
0.507976
-1.630440
2.253648
-0.658687
-0.133983
-0.187697
-1.551850
-0.539146
1.515496
-0.901695
-0.728765
-0.831483
-0.068182
-0.559289
-1.207451
-1.403440
-0.080354
-1.326161
-1.598797
-0.489364
-3.348334
-1.874873
-1.746042
-1.845101
0.726029
-1.768447
2.790674
-3.794957
0.485371
-0.773950
-1.817168
-3.453542
-2.259811
-1.165917
-4.387380
-4.209735
3.955380
-0.072007
0.405916
-2.432381
1.518744
-1.533235
-0.013798
-0.453627
0.318732
0.305176
-0.403858
-1.488378
-1.553833
-1.772126
0.650637
-0.774485
-0.255353
-1.719401
-1.168115
-2.811932
0.256355
0.178458
-2.287888
1.201788
1.870268
0.547716
-0.519198
-5.245383
-1.148084
-2.719375
-0.766059
-7.520016
0.342271
-1.602238
-2.060332
-0.420481
-0.114822
3.839770
-0.139944
0.705078
-0.350091
-0.134063
-3.350983
1.142103
0.922156
2.500538
1.168777
-0.696063
-0.888281
1.906762
-1.419279
-1.096309
0.689609
1.864604
-2.095823
-0.150581
1.489536
-1.225161
-0.527619
-2.922964
0.049531
-0.759881
-3.136286
-0.531385
1.408013
-2.017413
-0.568244
0.428840
-2.486526
1.281766
-1.158746
-1.917501
-2.083264
-1.531152
-0.470893
0.768165
3.446601
-1.092831
0.186287
0.578678
0.021452
-2.211929
-3.461313
-0.737077
-0.202377
2.790007
-1.516121
-3.273470
-1.443473
-1.935694
-3.373969
1.740110
1.940616
0.098498
-1.153019
1.350721
-0.726139
0.684159
1.336684
0.672302
-0.088693
-2.715566
-0.647671
-2.254306
-0.894398
-0.520617
-1.553481
-3.316634
-2.810754
-2.569949
-0.301636
-1.804661
0.317953
-1.969842
-0.950995
-2.867280
0.408885
0.647478
-0.018043
-0.792391
1.240498
2.392262
-1.531030
-1.427940
2.483665
0.452284
-0.890709
0.254098
0.690318
1.896683
1.433817
-0.025153
-0.409110
-0.167201
1.740223
-2.502156
-1.604272
0.456677
0.272773
3.836331
-0.563562
-2.419139
-0.251703
-0.199366
-0.690284
-0.040726
1.634111
-1.557389
-4.310652
-0.920618
1.823644
-1.351223
-2.615872
-0.966947
-2.341295
0.306229
0.471988
-0.991012
-0.892676
-4.693910
-0.992872
-1.775306
-2.511126
-1.370694
0.792595
-1.093519
-4.468447
-0.375157
-2.536817
-4.073304
2.690236
-0.781257
-1.181204
-1.438264
-1.751358
-0.067583
0.419832
1.427613
0.996036
-0.050120
0.862867
-4.682592
-0.964314
-1.583757
-0.344377
1.579240
-0.622136
-3.255702
-0.985515
-1.917026
-0.231595
0.211659
0.183824
-1.542662
-3.179776
0.861297
0.315323
-2.546993
-1.633539
0.865531
-1.740273
-0.505729
-3.779540
-1.315554
-3.359251
-0.966325
-2.453961
-4.321354
-2.432888
2.481301
-0.158772
-4.869856
0.782389
0.554162
-1.141685
-0.336411
-0.825069
1.254811
2.004466
1.972006
0.022644
-2.306251
-0.776022
1.553058
0.536586
-1.091851
-2.397040
-1.530272
-0.494051
-0.648689
-2.595282
0.427141
-4.622379
-1.412620
0.953852
-2.350776
-0.655201
-6.651264
-1.234099
-0.233271
1.113530
-3.235391
-2.040237
0.878275
-1.505082
-0.567395
-4.572852
-0.186639
-1.925927
-1.785526
-3.693750
-4.800267
0.913672
-2.376190
1.710206
-2.400935
0.388995
0.317586
2.841192
2.559705
2.845868
-0.977506
-1.366938
-0.407977
-1.003502
-0.996904
1.414575
-0.551125
-0.776913
2.747127
-0.795686
-0.282069
-1.397435
4.091701
-0.489683
-0.290398
-0.198481
0.169701
1.632139
-2.081508
-3.749987
0.517108
1.434569
4.427343
-3.350156
-1.051099
-1.972157
1.041450
0.175521
0.435066
-1.066758
0.113073
-1.396350
-2.945774
-0.506637
-0.598756
-1.375415
-4.036548
-0.712519
-2.274116
0.238811
0.612719
-0.948499
1.817312
-1.024307
-2.120185
-0.821197
2.689282
1.004737
-1.559839
-1.073476
-1.159465
1.034103
1.063683
-1.217047
-2.986098
-2.380474
-0.290688
-3.884601
-1.490533
-2.643406
-0.095411
3.201960
-6.204200
-1.810934
-1.830510
0.608250
-2.124244
-2.998489
0.622580
-1.638448
0.340458
-0.975886
-4.926299
0.019888
-0.681900
-0.914938
-2.191202
0.298621
-1.350840
-2.363671
-3.376458
1.182004
-2.512810
0.562669
2.871041
0.155689
1.510935
-3.651640
0.607054
-2.408034
-1.682926
-2.081948
-1.847076
-1.760109
-2.533650
-1.504793
0.024352
1.397876
0.712844
0.610667
2.925027
-1.612234
-0.730171
-1.030025
0.948443
0.638187
-2.466810
-0.904972
-0.485986
2.815484
0.741322
1.049758
0.654202
-4.000534
-0.630033
-0.495092
-0.153859
-0.929013
-1.477515
-4.101406
-0.953618
0.841209
-2.376458
1.076291
2.176569
1.369566
-2.030503
0.115848
0.395815
0.917040
-2.038234
1.659129
-0.785228
-1.653157
-2.320460
2.822652
-1.583154
-3.959067
1.381983
1.546689
-0.748960
-3.019013
1.860747
-1.203936
5.685550
-0.448316
-2.553115
-3.235583
0.096373
-0.905026
-0.596105
-3.230984
-2.137220
0.121522
-0.105435
-0.662362
0.243311
-2.966326
-1.779128
-2.274050
1.820141
-3.356977
-0.426489
-2.256448
-2.153955
-0.570504
-1.146175
0.750702
-0.918123
-0.294570
-0.703937
-0.910726
-1.348919
0.616773
-4.126296
-1.248359
-1.223534
-2.902038
0.540137
-1.438791
2.317635
-0.660488
2.103066
0.314485
-0.073858
-4.043760
-0.836282
-0.633750
-3.319440
-2.772810
0.744199
-3.152148
-1.275445
0.011919
-3.269899
0.774374
0.981810
-2.811343
-1.498985
0.110161
-1.904989
-2.984629
-2.707712
-3.031722
-0.551539
-2.078950
-3.229647
-1.469380
-1.329607
-3.122005
0.647372
1.314292
0.312167
1.128235
-2.541223
-6.946640
-0.457308
-1.141324
-0.997086
-0.807923
1.857122
0.209172
1.741216
0.066822
0.820442
-2.663622
-0.742543
-3.518185
0.008608
-2.466864
-1.692260
-3.990489
-3.373389
2.036457
-0.324303
-2.124186
-2.808488
-2.705600
-1.157041
-4.985049
-0.886804
-0.561551
1.015646
-0.680349
0.013546
-0.387695
-1.873603
1.534385
-1.330279
1.126952
-2.598761
0.077971
-0.772789
-1.086259
-2.737276
-2.601070
0.218009
-0.389518
0.959310
-2.767524
0.081208
0.544291
-1.478822
0.460694
-1.962919
-1.465606
1.733868
-1.918621
1.477983
-2.476830
-1.622461
-3.389679
-1.989156
-4.746927
-2.138312
0.510968
3.285802
-5.910144
-6.472374
-3.365154
-1.135045
-3.150373
-0.444097
3.144792
-1.756160
-1.877458
0.042142
-5.038277
1.535545
-1.792161
-0.460721
-0.538836
-0.869542
1.358875
-1.792811
0.829277
-4.235362
-1.713052
-3.968027
-0.013911
-0.714961
0.110760
0.077161
-0.797057
-2.325108
0.861890
-0.965544
1.764234
-1.776467
-1.940289
2.198555
-0.846703
2.962326
-0.586850
1.919688
-0.602041
-1.776581
-1.352816
-1.542698
0.626285
-0.737321
-0.292438
-0.734850
2.627160
3.153269
-3.308499
-0.555928
-1.723370
-2.336267
-3.413655
0.512631
-5.230574
0.966989
-0.613123
1.457870
-0.649052
0.249681
-4.618807
-0.734417
0.478927
-1.878979
-0.372303
-1.218021
2.845794
0.182654
1.035712
-1.458050
1.077591
-2.344117
1.158137
0.199906
-0.431189
2.138567
-2.877671
-0.953402
-1.380507
0.645938
-1.962715
-3.634527
-0.229522
-1.816826
-1.864386
2.302319
-2.320373
-1.769226
1.636085
0.350506
-1.254397
-1.235525
0.162520
-1.047747
1.637669
-2.188722
-0.641949
-2.196144
-1.680547
-1.235950
0.799333
-0.312968
-0.293895
-1.617043
1.643696
-3.539987
0.802003
-2.370238
-0.927662
-1.600556
-1.265264
-1.669903
2.808626
1.042841
-2.504444
-0.307164
-0.263755
0.166147
-1.139080
-0.046045
-1.552296
-1.386979
-1.915534
1.759486
0.300676
-1.834357
0.857795
-0.062744
-0.820295
-0.665453
0.299378
-2.062574
-1.598367
1.032748
-1.127406
-1.877964
-1.912619
-0.247976
-3.240080
-1.966175
-0.465044
-0.703013
2.474699
-1.424921
-1.687129
-0.924129
-0.736251
1.036607
-3.681218
-1.053940
0.640200
-0.924040
-1.078838
-0.644526
1.030333
-1.603750
-1.328623
-0.706774
-0.774161
0.703007
-0.090204
-5.433598
0.295504
0.306707
-0.338778
-0.436562
-3.011043
-1.629912
-0.136307
1.789961
-1.667559
1.330805
-2.367817
3.308388
0.643817
-0.607033
0.556236
1.707230
-1.431405
-2.151152
-0.131683
-0.912735
-4.954798
0.562476
-0.195020
-2.261941
-1.755979
-2.272795
0.476292
-3.449409
-0.885618
-0.435496
-2.499979
-0.889307
-2.105615
-0.972854
-3.768308
-1.319583
-1.993058
-1.550365
3.197035
-1.203894
1.548149
-2.572366
2.259220
-2.816684
-1.181635
1.117756
-5.072670
-0.385306
-4.018116
0.905378
-0.492723
0.059583
-1.505557
-2.094754
0.351752
-1.831357
-1.721452
-0.817446
-2.547953
1.363503
-0.658243
-1.165927
-1.006819
1.762471
-2.884577
-0.506230
-0.043424
1.240901
-3.099447
-0.789525
-0.478826
0.378575
-0.336802
-1.313586
-0.391438
2.234747
-0.621462
-2.146640
2.796173
-5.208330
1.107189
-1.997710
2.008612
-1.972377
1.529155
2.664025
-4.824291
-2.717465
-2.740105
0.187448
1.010864
-3.422439
-0.832065
0.585530
-0.368611
0.592987
0.673465
-1.739784
0.745596
1.778552
-2.591873
-1.957296
-1.611742
-1.561447
-0.101934
-1.124912
-1.186022
-2.006283
-0.640927
-1.728236
0.065414
1.631375
0.947325
1.029514
-0.741490
-0.399566
-2.471237
-1.078032
-0.348450
-1.565883
0.329103
-1.282200
-0.339542
-0.477398
0.921986
-2.860669
-1.412045
-1.921625
-0.743928
-0.516640
-1.284290
-2.328094
0.299451
-1.504446
-2.646432
-1.150056
1.770063
-1.268041
0.033778
-1.377902
-1.927485
-3.797641
-1.403045
-2.550314
0.504168
0.955466
-2.837372
0.972978
-3.928635
-2.206814
3.751070
-1.747841
-2.694099
-1.205845
0.841276
0.354688
-2.056945
-1.607217
-0.521461
0.980003
-1.022652
2.902656
2.360528
-2.441662
2.226252
-1.611149
-3.861668
0.206336
-2.277722
-1.508191
-4.297657
2.211509
-1.310284
0.296877
-2.139517
-1.312630
-0.667113
0.450627
0.908842
1.550546
2.506650
0.067353
2.903183
2.059434
-1.649401
-1.591325
-1.437439
-3.778344
1.913259
2.192930
-0.135793
-2.071152
-2.103848
-2.333352
-1.823741
0.800714
-0.204083
-1.381681
-2.177829
-0.337973
2.939265
3.302212
4.273025
3.268953
0.229081
-2.489769
-0.053862
-3.102100
-0.548668
-2.187303
0.187578
-2.112064
-1.226896
-0.717196
-0.498546
1.124865
-3.709202
-0.502404
-3.492090
-2.857595
-4.691370
0.494282
-0.928285
1.660791
-1.255607
1.640359
1.409030
-5.470522
-2.537657
0.247211
0.090737
1.092514
-1.418073
0.882243
-0.296870
-1.510974
-1.651441
-0.025186
1.273950
2.443696
0.881434
-1.637294
-1.411726
2.670286
-0.095339
1.582855
-2.089650
-1.519570
-1.954684
-2.975497
0.294516
-0.443330
-0.638277
-3.220753
-2.956643
-2.203562
-3.002666
-2.021971
-1.155882
1.373684
0.806741
-3.237118
0.132492
-4.252763
-3.494026
-3.054008
-2.678813
-2.652578
-0.288445
-1.653321
-1.365020
-2.290568
3.125293
0.703372
0.527815
-2.089806
-2.265131
-0.732391
3.134947
0.771239
2.540976
0.656309
-2.897870
0.495507
0.102342
-0.521042
-1.237167
-2.628088
0.825571
1.754446
1.590325
0.352969
-1.436025
-2.295093
-2.513978
-1.121458
0.652436
-0.929634
0.255658
-0.731799
-0.294654
0.273866
-0.152055
-1.273323
-0.698375
0.932106
2.220502
0.608774
-1.455354
-0.852618
-2.158498
3.345008
-0.528839
-0.935634
2.883714
0.963865
2.659599
-1.128172
-2.640516
-1.167615
-0.961705
-0.990815
-0.391925
-2.041143
-0.838419
-3.496565
-1.196093
-3.921252
-1.137766
-2.525648
-1.790152
-1.334398
1.317248
-2.003638
-1.586807
0.522123
-1.489214
-1.959853
-4.445160
-4.971033
-0.914462
-0.322171
-0.752972
-1.516008
-2.822596
-2.656142
0.093382
-2.724668
-0.180281
-2.475829
0.099528
-0.603277
-1.180807
0.763103
-2.828093
1.129150
-1.144741
-1.117465
-0.813751
-1.802037
1.376327
0.971064
0.223351
0.787091
2.013831
-1.233481
-3.361372
-2.246112
-1.467523
-2.991925
0.637210
-0.934566
1.236826
-1.000513
1.697842
-1.678805
-1.054223
-0.708077
-1.907748
-3.454680
-3.559669
0.767657
-1.266391
-5.139893
-4.987768
-0.561647
-1.395989
2.189794
-1.269741
-0.718795
0.106451
-0.775534
0.074002
1.023626
-1.365230
-1.673315
-0.383524
-2.492823
-0.684798
-0.731460
-2.377859
-2.196540
-0.755150
-1.627692
-2.382128
0.103329
-0.889738
0.020688
-1.017670
-0.138663
-1.456299
-1.238540
-4.294034
-0.629279
0.624209
1.084938
-1.880731
-0.525346
-0.755916
0.998910
-1.622678
-0.418938
-0.243704
-1.359922
1.795096
-0.941325
1.094210
-0.823917
0.196135
-2.110061
-0.521658
-4.055684
-0.664374
-0.070513
0.977881
-1.452116
0.842758
2.490521
-1.150862
0.690596
-2.268449
0.420389
0.327182
-2.051763
-1.697005
-0.988152
0.714516
-2.297840
-1.107552
-4.004935
0.589976
0.762758
-1.123432
-2.149246
-3.698206
0.305047
-1.241641
-0.017496
3.574255
-2.096638
-1.676985
-2.717818
-0.996727
-3.429634
-1.432422
-0.701140
-1.560879
0.365088
-1.116582
-0.099185
-0.640555
-4.005419
1.438493
0.301349
-2.842761
1.246172
1.323982
0.184064
-2.946573
1.566416
-0.077055
-0.346678
1.068260
-3.501073
-1.938998
-2.959604
-2.768155
-2.319967
-1.201339
-2.171739
-1.391579
0.100138
-3.509789
-3.067798
-1.067674
3.779179
-2.127470
-1.475181
-0.573633
-3.045738
-3.157029
0.763622
2.701554
-0.817369
0.606162
0.440767
0.418123
2.124956
-2.313201
-1.551991
-1.977023
1.592889
-3.315018
-2.927330
1.314307
-2.745105
-1.667043
-0.207345
0.627914
-2.969967
-0.971261
0.799916
2.812781
-2.522527
-0.192112
-0.472934
-2.750496
-0.260702
-2.076323
-0.673547
0.513837
-0.852426
-0.184989
-1.347625
-0.014093
-0.546856
-2.757331
1.487378
3.823994
-1.792449
-4.398266
0.637267
-3.137633
-3.599411
1.466949
-5.205276
2.776521
2.414419
-0.567310
0.468243
-2.598885
-2.183434
-1.931883
-1.663314
-1.534457
0.298642
-3.602516
-2.809987
0.220190
-1.146597
-3.651292
-0.489392
0.344590
1.307591
0.904628
-0.140126
-1.767395
0.509396
-0.893264
-1.850752
2.357443
-1.366937
1.782370
-0.061795
-1.496662
-0.776894
0.728558
1.324357
-1.360271
0.056599
-1.938354
2.789661
-2.363906
-1.213430
1.526393
-1.811973
-0.257912
-0.973003
-1.066675
0.137382
-1.597346
-0.391323
-1.675899
-2.510349
-0.877185
-2.201232
-0.218219
-1.496490
-1.372459
0.338491
-0.946631
-1.223436
-0.483728
0.886921
-1.276624
-2.364850
-0.824758
-2.797658
-0.596965
-1.006817
-1.355147
-2.653374
3.091224
-1.490845
-0.288412
-1.712211
1.548882
-2.365146
0.076864
-2.101710
-0.098685
-2.794203
1.534408
-0.240901
-4.192291
-2.595737
-1.369039
1.685533
-3.243027
-3.443470
-0.623367
-1.647792
-1.977122
-1.692697
-3.541067
-2.102956
-1.310596
0.909669
0.030150
-1.854177
-1.466558
-1.969622
-0.638931
-0.568278
0.659160
-1.640180
-0.137183
-0.788248
-0.340735
-0.241711
-2.813679
-1.196973
0.365663
-1.991515
1.067331
-0.596604
-1.139515
1.095872
-1.536958
-0.675836
-4.101114
0.099173
-2.247698
0.233956
-0.567531
1.066593
-0.447115
-2.790458
-2.904329
-2.377314
-2.202605
0.063767
-2.043512
2.117637
-4.755360
-3.076399
0.562979
-1.470174
1.525726
-1.604040
-3.087981
1.538621
-0.089283
-3.606716
-0.095392
0.597086
-2.227401
-1.435464
1.093720
-1.163308
-0.985354
-1.646106
-0.373479
-3.557757
-2.642929
-0.572869
0.254065
2.842791
1.851909
-2.306486
1.541947
0.094929
-1.004686
-1.127137
-1.831328
1.813984
-3.658293
-0.007764
-0.791373
0.019359
3.474314
-2.332949
-2.360140
-2.897614
0.462466
-2.849619
-0.199006
-1.074869
0.708269
-6.596763
-1.186430
-0.452496
-0.486922
-3.108342
-2.309389
-0.542992
-3.867152
-1.451941
2.241812
2.528283
-1.380777
-1.681289
-2.221563
0.260208
-1.277834
-1.484582
-2.006214
1.448812
-3.730623
1.142266
3.272358
-1.742349
-1.320451
0.690702
-2.563867
-0.135471
0.102600
-0.894706
1.669956
1.048297
1.643529
-0.750836
1.340080
-1.808443
-4.894906
-0.542913
2.163012
-2.755536
-2.940144
0.234873
-2.331433
-3.916166
-0.238339
1.148971
-3.608960
1.212663
2.075804
-0.910975
-0.250770
0.619050
1.165014
-0.882820
0.910556
-1.231994
-1.141967
-0.136823
-4.860181
0.150082
1.799823
0.155173
-2.205069
-0.167416
0.037912
0.597537
-5.131320
-1.069090
-1.724573
0.213022
-0.234624
-0.448160
1.056203
-2.309385
3.812173
0.189025
-0.447528
-2.414699
-1.119375
-0.992586
0.855515
1.169062
-0.083771
-2.160969
-0.791251
0.358947
1.876896
-3.137447
-1.671668
-1.974006
0.642990
0.683142
-2.094997
-2.565429
-2.962741
0.366129
0.712409
-0.488266
-1.559180
-2.185122
-1.242010
0.657260
0.509488
-2.241414
1.343837
-0.217355
0.971870
-1.467058
-0.139342
0.356629
0.473080
-1.836769
1.901126
-1.064774
-2.089815
-0.973117
1.974843
-1.488623
-1.887244
-5.449889
-2.827699
-1.358231
-4.155893
-2.359941
-1.258797
1.990823
-0.213477
0.767638
-0.328183
0.942516
-2.264131
-1.233544
-0.457160
0.462797
-1.602288
-0.869109
0.755742
-0.525581
-1.094376
0.918766
-0.691211
-2.489992
-0.157489
1.342412
-0.629408
0.977381
1.293848
-1.970256
-4.382999
-2.777876
-0.323936
-3.529357
-2.929713
-0.156349
-0.961139
-3.517787
0.350887
-3.445596
0.256408
-3.745250
0.497201
-0.642229
1.565900
3.256121
2.726353
-1.955613
-2.687584
-0.456343
-1.833409
0.570432
2.369455
0.968129
-0.346480
-2.838058
-1.267867
-2.397128
-1.708888
2.747718
-1.726798
-1.544776
-1.205534
-2.769930
-2.340873
-0.989412
-3.996233
0.305164
-4.040307
-3.028237
-3.446486
-1.233176
-1.311684
-1.267127
0.750304
-0.011793
-0.281918
-2.112279
-3.362474
0.948402
-1.996993
0.031987
-3.142490
0.756753
-5.130208
-1.780113
1.532516
1.815528
1.106950
-1.441077
-5.113332
-0.909739
-5.196795
-0.685214
-0.060370
-1.187263
-3.896729
-0.329913
2.088726
-1.041698
0.030752
-2.444622
-4.091065
-0.572260
2.373172
-1.845445
1.793911
-0.058865
-1.717553
-2.178965
-1.298848
-0.782234
-1.430332
-3.068854
-3.449799
-1.435476
-1.481121
0.159528
-3.137429
-1.412725
-0.076689
-1.554108
1.467564
-0.800270
-2.140332
-1.031328
-1.615917
-1.140846
-2.857176
-1.242951
2.462675
1.185581
-2.416590
-1.020508
-0.215889
-1.312503
-1.787434
-0.990222
-0.176369
0.526642
1.117138
-0.016904
-1.115202
-1.746889
-1.744007
2.826619
-0.811359
-0.039125
0.922585
-1.688434
0.446911
-0.091839
-1.514385
1.400584
-0.794994
2.020878
1.317663
-1.341309
-0.294295
-0.520963
-1.295583
2.323188
0.347356
2.645864
0.612894
1.191095
-1.168862
-1.833033
2.210822
0.689076
-4.025806
-2.533068
-0.981280
1.505635
0.192752
1.871712
-1.404546
-3.074633
-0.392069
-0.444510
-0.880806
-1.578191
-3.203713
-2.090246
-0.811406
-0.006217
-4.136241
-1.646006
1.258042
0.857578
3.970205
-1.202035
-1.407720
-0.488612
-0.348303
-1.737941
-2.362166
-0.061556
-3.588887
-1.912843
1.614709
-1.698253
-0.507013
-1.542417
-0.762236
-2.639539
-0.606391
-3.465590
0.807102
0.050658
-1.457497
0.130875
-6.730157
-3.547804
0.488631
-1.694557
1.154450
-1.472055
-0.971285
-0.737035
1.670233
-0.850093
-1.859770
1.711422
0.779167
-0.591410
-0.909401
-0.316179
-0.417870
-0.524386
-1.530307
-0.542160
-0.739338
-1.814364
-1.203178
-3.781005
-2.694799
-2.221477
0.849765
-1.213172
0.964229
-1.720340
0.330583
-1.035990
-2.046282
-0.959002
-1.910047
-1.694969
1.274421
0.287391
0.229595
-0.048876
-0.852129
-2.445190
-1.720867
2.275779
-1.650506
-0.960876
2.464356
0.803888
-1.851781
-1.481695
-0.927921
0.173922
-2.005159
-2.473368
1.198955
-2.334490
-1.369671
-0.044519
-1.271049
-0.709990
0.280112
1.216812
-0.105437
0.899379
0.771621
-1.114367
-0.860940
-1.782872
0.375779
0.699500
-2.412668
0.552367
-1.074578
0.463897
-1.527302
1.392188
-1.096584
-0.950163
0.900457
-0.867402
-1.448759
-0.906569
-3.396432
-1.162779
1.793571
1.192773
0.139290
-0.386988
-0.985280
-2.494312
-0.794409
-1.037771
-3.697190
0.008640
1.118265
-1.778296
1.966637
-1.160143
-0.625362
-0.422505
0.674534
-2.616714
-1.277663
0.945333
-0.713007
-2.384177
0.244078
-0.101077
0.727025
-0.729547
-4.234919
-1.662547
-0.281517
1.820901
-4.610275
-1.862180
0.034765
3.298740
-1.638832
0.567123
-1.169988
1.154379
0.370219
0.012583
1.791446
-1.081081
-0.646399
-2.229093
0.237692
1.518063
0.019829
-1.499192
-2.483497
-0.406799
-1.681143
0.177389
-0.074752
-1.112795
0.432794
-0.262891
-0.655735
-1.142497
-2.990365
-0.281627
0.807766
1.102986
1.454873
-3.368920
-1.615990
-5.587754
2.692908
-2.620260
-0.751955
0.489728
-1.693375
-4.854592
-2.971218
0.131738
-1.819278
0.422138
-4.083671
-2.111888
-0.631249
-2.148503
0.658212
-1.034288
-0.066953
1.018243
-4.507300
-2.124975
0.033006
-3.449420
-0.544398
0.529164
-0.675910
-2.056483
-2.925560
-4.252074
-1.657103
1.213156
-1.174626
-2.426569
-0.349882
1.484617
-0.490898
1.604025
-0.452756
2.961104
-1.446724
0.094034
1.196787
-2.269348
0.252431
-3.637769
-1.377376
-0.435690
-0.574113
0.445390
-0.081777
-3.304224
0.706430
-0.147116
-2.065261
-2.774338
-0.084070
-0.773409
0.572770
2.615152
-1.402259
-2.752595
2.020776
-1.128058
0.740726
-3.144933
-1.837177
-0.867918
-0.732912
2.483641
0.672876
-3.409629
1.515157
-1.671438
-2.209800
-0.485485
-5.073093
0.614716
-2.523350
1.199353
-2.969662
-1.127525
-1.830913
-0.044118
-1.215527
0.675488
0.029786
-1.141475
0.184543
-1.180456
0.216637
-0.387769
-1.361366
-0.405788
-0.111253
0.611312
-0.520882
-1.845998
2.090323
-1.428763
-1.478636
-0.648975
-0.396697
-1.659718
-0.354166
1.171121
-0.418635
-2.740839
-5.517742
-1.481258
-0.661113
2.695592
-1.434159
-0.241381
0.074370
1.335676
-2.221672
-2.523410
1.092595
-2.518327
-1.596259
-1.080589
-2.177607
-0.831029
0.744491
0.819313
-3.276403
-3.653723
0.884990
0.029335
0.157103
-0.827580
1.032568
-0.608640
-1.304202
-0.386840
1.444837
0.243970
0.774539
-1.584162
-1.746718
-0.561076
-1.137231
-3.582734
-3.719877
-3.683190
1.984227
-1.392464
1.804886
3.071398
-0.184539
-2.272330
1.965416
-0.693353
-2.367423
-0.916212
-1.390224
-2.246455
-2.324485
-1.890801
-1.177024
-1.671481
-0.469264
-1.800263
1.341521
-0.529077
-1.887270
-1.509500
-1.689409
-0.890544
-0.538953
-1.814740
-5.321479
-1.134023
-3.756379
0.855651
-3.543617
0.006336
-1.635057
-1.208156
-2.765033
-0.076693
-3.102454
-1.639494
-1.901501
0.257672
-1.153563
-1.450671
-1.313871
-5.150501
-2.286855
-0.093347
-2.648368
0.548009
-0.352055
1.586499
0.096796
-1.503749
-2.159856
-1.593036
-0.318048
0.087172
-1.414886
0.241873
-1.434119
-1.904531
0.123099
0.937081
0.901135
-0.294713
0.617921
-0.949189
-0.275453
0.045799
-4.460474
-1.106767
0.383012
-1.788081
-0.396850
-2.885977
0.600570
-1.176186
-1.385059
-2.413780
-1.672355
-1.400046
-0.446089
-2.242559
-0.516752
0.497661
1.841918
0.435303
1.068099
-3.103206
-1.319682
3.300660
-3.144226
2.676827
0.958324
-0.595390
-3.114383
-1.767381
-1.637646
1.024906
1.049957
-1.732341
-2.033221
-2.074370
-2.287966
-0.738105
0.164276
-1.272989
-2.573260
-1.627995
-0.877756
-0.609247
-1.050352
0.913477
-4.077898
-2.808888
-0.504979
-5.023560
-2.937847
-1.569868
-3.581111
3.730312
-3.143129
-0.352944
0.714853
1.498422
-0.822486
-0.003630
-2.128221
3.124265
-1.927566
-0.348122
1.958032
-2.829949
-0.555392
-0.248192
2.305934
-1.484110
0.595796
-2.828869
-1.004599
1.611200
-0.433134
0.673707
-2.779430
-1.597664
1.275928
0.131375
-1.261260
-0.363066
-0.952153
-0.721198
0.448093
-1.267762
0.973650
-0.657110
-4.220554
-0.652750
-3.472369
-3.115274
-3.143792
0.296209
-0.986612
-0.123172
-4.983648
-1.713713
-2.685890
-3.022063
-2.617399
-0.478769
-1.611887
-2.654413
0.634696
-2.878538
0.670336
-0.055381
-0.219105
-0.420871
1.268191
-2.668680
-1.190272
-0.222671
-2.708083
-2.548162
-1.572327
0.977979
-1.355098
-4.423636
-1.154048
-1.410925
-0.997175
-1.443540
-1.273729
-2.171785
0.534562
-3.853957
0.814550
1.828093
-3.200153
0.449608
-0.875266
3.508585
-3.387089
-2.044942
3.979644
-1.898139
1.317102
1.593042
2.071183
-1.225670
