8
1 500 1000 200 42 777 13 99
0.232499
4.470509
3.408609
-6.042778
-7.436557
-7.108307
-7.083691
3.436742
-5.780314
-4.446338
-5.669676
-6.676488
5.831154
1.500359
5.390905
-6.075097
-1.372637
-2.972865
-3.203491
-3.915983
-2.586868
-4.043130
-5.337059
-5.577624
-4.644660
-6.145719
0.288464
0.563937
-6.265497
-6.342616
-6.562172
-0.630347
-6.293840
-3.102847
-3.818284
-2.757616
-2.234198
-2.942605
-4.411702
-3.202592
-2.921525
-3.502589
-1.987772
-3.433536
-3.227623
-4.344415
-4.212861
-5.838126
-3.006656
-5.244297
-2.091367
-2.854229
-1.594936
-4.460755
-4.799652
-3.172583
-6.449112
-7.329814
-2.777964
-6.156643
-6.916842
-6.177448
-6.557014
-5.881844
-6.133315
0.855523
2.006000
0.868755
-0.927307
2.948550
1.251105
2.002362
0.488164
0.305833
-1.624680
0.539489
0.889844
-0.244302
1.411105
2.824950
-1.914618
-5.646261
-0.115387
6.726029
-0.960291
1.047870
-3.784440
0.306264
-2.206279
3.102540
-2.538625
-6.380194
-6.567677
-6.364176
-6.333578
-5.552163
-6.325717
-6.554268
-6.699018
-6.550313
-1.490107
-6.538455
-5.863882
-4.810544
-6.335566
-6.164794
-6.383417
-6.567677
-6.165026
-6.380194
-6.360548
-6.338785
-5.644575
-7.347141
-5.950240
-6.333055
-6.172237
-6.362346
-6.583560
-6.960728
-6.369426
-6.140541
-6.342616
-6.563708
-6.514031
-6.358521
-6.435966
-5.895561
-6.206639
-6.723364
-6.368025
-6.512727
-6.110914
-6.438290
-6.347043
-6.179679
-6.375719
-6.738894
-5.900336
-6.172237
-6.542409
-6.358521
-6.554268
-6.669261
-6.120639
-6.686849
-6.320261
-6.125726
-6.730766
-6.770584
-6.543854
-6.340707
-6.952344
-6.599446
-6.548357
-6.336883
-6.307626
-6.168515
-6.567677
-6.305750
-6.342616
-6.346444
-5.925912
-6.146193
-6.372796
-6.956538
-6.100192
-6.694964
-6.395571
-6.587533
-6.579588
-5.701652
-6.538455
-6.366173
-6.364176
-6.354695
-5.924083
-6.372508
-6.461729
-6.557134
-6.371873
-6.118619
-6.595476
-6.357134
-5.715599
-6.547825
-6.120710
-6.591501
-6.628963
-6.439079
-6.384041
-6.994276
-6.161076
-5.893081
-6.591501
-6.755155
-6.738894
-6.173734
-6.328650
-0.415007
-6.371873
-6.344940
-6.358521
-6.583560
-6.563708
-6.733564
-6.357934
-6.551796
-6.365598
-6.379568
-6.376353
-6.380194
-6.368025
-6.135519
-6.354695
-6.551796
-6.274677
-6.335566
-6.538455
-6.342616
-6.334954
1.019079
-6.572111
-6.514031
-6.770584
-6.358521
-6.172237
-6.307269
-5.800900
-6.161076
-6.346444
-6.877371
-6.969120
-6.287388
-5.917606
-5.900197
-6.558223
-5.748540
-6.516030
-6.013171
-6.331127
-6.165431
-2.736910
-0.750487
-6.211311
-6.434553
-6.364823
-2.321240
-6.591501
-6.555763
-6.508512
-6.551796
-5.912577
-6.077399
-6.575620
-6.677647
-6.499688
-1.799468
-1.394931
2.269428
-0.188002
-2.778495
-1.051240
3.593091
3.313488
6.418522
5.418108
-0.490579
-0.031592
-1.957620
-0.822939
-2.148773
-2.327357
-2.795601
1.830830
0.266159
-1.207953
-1.820946
2.242183
-1.420733
-0.249909
-0.013668
0.635980
-1.625307
0.950459
-1.905497
-2.704775
0.190968
-0.775956
4.785009
-0.774062
-2.096712
-3.895906
-1.620282
3.396066
-3.315411
-0.712741
-1.431476
0.321604
-0.906884
-2.214941
-2.537818
0.603745
-0.713457
1.510311
-0.003523
0.901853
-0.921269
0.250325
1.135101
0.223672
-3.017628
-3.045269
-1.308969
-2.086637
5.501171
-1.764674
3.975060
-0.534619
-0.629871
-0.400127
-1.865931
-1.831003
-3.520980
-1.320326
-1.484846
-3.767375
-0.809974
-2.740412
1.060750
-3.523721
0.816399
0.449514
-0.447257
-1.782207
-1.592908
-1.441082
3.432714
0.297261
-1.824983
-1.168590
-4.924617
-1.868877
-1.228158
2.813572
-2.847726
1.862792
-0.821569
4.386013
-1.518359
-2.649101
5.058914
-1.768337
-0.566500
3.438847
0.898448
-2.341022
0.911278
-0.066044
3.690814
1.363950
2.206863
-2.163342
1.244708
0.523407
-0.563187
1.833989
-4.592781
-0.191297
1.216090
1.865378
-0.819390
-1.443414
-2.880485
0.337283
-1.343415
3.897953
-7.144148
-6.379568
-6.348787
-6.376353
-5.930419
-2.195454
-4.738688
-1.114858
-1.531318
1.302667
-3.004725
-4.456748
-2.179381
-2.334636
-1.366283
-4.284504
-3.162184
-2.269509
0.484116
0.887745
-2.563172
-1.208400
-3.826156
-2.736736
2.389000
-2.822482
-0.589308
1.456231
-2.886808
-1.916894
3.962661
-4.097873
-4.469543
-3.394341
-1.429442
-0.314096
1.477298
0.412317
-2.048471
2.000232
-4.144183
-1.178520
-0.773956
2.084898
-1.023647
0.512222
1.028625
0.077080
-4.008229
6.668440
-1.383035
-3.710867
-0.143639
0.770059
-3.277164
-4.022063
-2.487746
-3.248451
-3.046300
-0.218434
-0.684736
6.338166
-0.756745
-2.513922
0.109329
-1.667298
0.539962
0.605266
-1.476916
-2.884923
-3.601408
-2.687137
-1.730680
0.316660
-1.424231
-1.849584
0.618869
2.748166
0.719165
1.353381
-2.186947
-1.466077
-1.897313
-1.243776
-2.339792
-2.492876
-4.181823
-4.244634
-0.083785
-3.416265
-6.722383
-1.949329
-1.931199
-0.837457
0.079761
0.952181
-3.645298
-4.387472
-0.725023
-2.080455
-3.023059
-6.063638
-0.447967
-0.529504
2.610035
0.355740
-2.381740
-3.359402
2.902504
-1.476680
0.559409
-2.615493
-6.625844
-2.214448
1.590946
-0.793020
-2.213787
2.769018
-1.432780
-6.557997
-2.003291
-0.842504
0.125711
-1.822581
-0.414580
-0.039308
-0.421552
-2.205401
-0.602631
-0.987634
0.290055
-0.249831
-3.183124
-4.774314
-0.985286
-0.223722
-0.322135
-1.130748
-0.037199
-2.352119
-0.271223
-1.883429
-2.657354
-0.029141
-5.281065
-2.911283
-0.688303
-0.469204
3.357902
3.538010
-6.861318
0.651309
-1.026801
-0.951455
4.178554
-1.359630
-2.038648
0.350186
0.957308
-6.147825
-0.255471
-3.426739
-2.554252
1.156672
0.243142
-2.418756
0.897150
-2.253394
-2.799640
-2.887992
-4.098138
-1.280275
-3.202097
-4.206596
-1.333877
-1.175691
-2.334483
-3.392279
0.135542
-2.012235
2.787587
-0.474150
-1.204049
1.433467
2.995003
-1.521491
-4.852901
-2.207274
2.474602
3.794718
-0.373027
-3.502251
-2.830473
1.326315
-0.724101
0.472853
-1.739767
-4.463554
-6.592126
-3.799362
-3.044662
-3.791739
-0.127104
1.842810
-3.047838
2.372937
-4.549878
-2.977650
-3.013966
1.366093
-3.633401
0.917936
1.216804
-1.776087
1.132023
-3.039504
-1.418488
-5.083427
-2.253659
-0.227856
-1.721303
0.259076
0.404995
-0.594154
-2.019212
-3.005709
-5.277362
-1.004768
2.502373
-3.021372
-2.257537
-4.808846
-6.419505
1.247764
0.322575
-1.302180
1.012708
-1.663314
-1.767302
-1.683511
-3.125387
-5.191943
-1.782209
1.970165
2.168557
-0.910408
-3.424613
-5.869565
-4.473922
-0.023467
-2.070203
-1.851004
-1.063090
-2.314232
-3.018247
2.491441
2.959670
-2.379565
1.356568
-0.425333
-4.606743
-5.210927
-3.775907
-3.439842
0.086173
2.677760
-0.159906
-4.921176
-2.887653
-2.445371
0.826133
-0.904824
-1.425818
-2.763037
-2.327516
-0.882899
-0.473218
-1.992625
2.321637
-0.190466
-4.765202
-2.371709
0.580717
-0.976706
-0.079853
-4.756123
4.236494
-2.383338
-6.360752
-1.059242
-1.985403
2.424279
-0.573779
0.484681
-3.262851
-1.077820
0.800170
-1.819197
-2.161271
-2.328751
-0.458226
1.616588
-2.105222
-1.544644
-1.068315
0.081214
0.962342
-6.875979
-2.508703
-1.436695
-4.935771
-1.172937
-3.720746
-0.622030
-2.652678
0.003533
0.502983
-1.957280
-4.200296
-3.241566
-2.291924
-1.033109
-6.512970
-2.781317
-1.054760
-3.450197
0.171106
-2.540683
-1.641610
-3.197507
-4.627504
0.530808
-1.644652
-4.964446
-0.419860
-0.984964
-2.279454
-5.949025
-1.919446
-1.051576
-1.762774
0.126985
1.387756
-6.727423
0.276555
-3.033864
-3.539873
-1.624929
-1.269906
-2.728108
-0.351279
-2.697240
0.626526
-1.397132
-0.388331
-2.647570
-2.769178
2.652764
-2.243521
-2.148041
-1.402822
-1.468814
0.522415
0.134850
-3.454964
3.122267
-3.400009
-2.628154
2.462592
-0.391341
-4.317021
-4.127129
0.372747
-1.397574
-2.593869
0.258478
1.514210
-2.561735
-2.737768
-0.876272
0.167817
-0.350796
-0.920936
-4.720776
-4.128491
-6.713229
-1.984324
-4.568014
-2.886281
-2.136258
2.150601
-0.013530
-1.624088
-1.216788
-0.519450
-0.341198
2.831346
1.347059
-0.169569
-3.455547
-2.004733
-3.079936
-0.594675
1.009722
-1.701089
-4.455181
-4.008029
-1.699478
-0.683798
0.433832
-1.617776
-0.991477
-3.694631
-3.353017
-4.478065
-1.562143
1.628461
-2.264683
-1.997612
-2.678698
3.604507
-4.397099
-3.765510
-2.982568
-2.728845
-3.364858
-2.087301
-2.544817
-1.975180
-4.010950
-4.969163
-1.358955
-0.692742
-1.871901
-0.474464
-4.957491
0.185286
0.727743
-5.642053
-4.956953
-2.481270
-1.515470
-2.239267
-2.711181
1.173617
-5.090010
1.162016
-3.642157
-2.227513
-1.169328
-2.068900
-0.232219
-1.046656
0.763176
-1.868990
-3.070441
-4.080694
0.634646
-2.254872
-1.648600
-3.171372
-2.567187
-1.460327
-0.076806
0.032944
-0.834373
-6.379548
-1.808960
-0.992360
-4.217460
0.624018
1.146363
-7.560160
-4.444888
-0.489309
-0.005544
0.569201
-6.364823
-2.289567
-4.252687
-3.867510
-6.126551
-2.167197
-5.756091
-1.070584
0.360937
-0.828552
-3.669669
1.655317
-3.950885
-0.033699
-3.663485
-1.007388
-2.540802
-2.715864
-4.465557
-2.439534
5.501536
-0.413326
-0.200652
-6.716101
-5.321402
-2.898326
-4.282352
-5.658973
-3.511604
-2.634397
-5.594949
-1.616774
-0.549674
0.663316
-3.005282
-5.034425
-5.894865
-1.962807
-4.302334
-4.163864
-2.453259
-1.439876
-4.269301
-3.732749
-3.111658
-3.199269
-2.300125
-0.441499
-1.068899
-3.244406
3.019951
1.757523
-2.766823
-0.446480
-0.084827
-2.407883
-0.837000
-3.027786
-5.163439
-0.911833
1.433548
0.024608
-1.148851
-2.478203
-1.706854
-4.822669
-4.736195
-2.347359
-2.662083
-2.429320
-3.898198
-3.811082
-1.724773
-2.851377
-1.039522
0.769265
-0.535558
-2.045219
-7.471225
-1.107346
-1.986241
-0.954451
0.572666
-5.683119
-3.441482
-1.339026
-5.476620
-2.212383
1.612414
-2.581384
-1.514224
-3.284668
-1.700715
-1.442973
-5.413550
-0.816663
-3.948069
-2.733759
1.550452
-3.266079
-3.285807
-2.457232
-2.594739
-4.125524
-6.254428
-4.272954
-2.192646
-5.909644
-4.527296
-1.623613
-6.212498
-2.263472
-1.099224
-5.923280
-3.901486
-5.073096
-2.560461
0.676318
-1.751575
0.723793
-0.658784
-5.076981
-5.189799
-1.222454
-2.738037
-3.564132
-3.412899
-3.638856
2.767030
-3.062360
0.940524
-1.365723
-0.084745
-3.412293
-4.640045
-3.625132
0.165443
-3.894494
2.466129
-2.587936
-4.618456
-3.792338
-6.061074
-1.206181
-3.357050
1.162631
-4.827605
-3.198733
-5.760875
-2.503905
-1.746751
-4.953687
-1.672042
-2.349517
-2.857497
-2.005706
-3.393814
-0.148785
-3.332443
-2.908412
1.476268
-0.892206
-1.168977
-1.151069
-5.183350
0.496762
-2.738276
-0.028994
-1.029491
-1.730426
0.448854
-4.798906
1.358911
-2.126877
-3.613282
-6.104883
-1.458990
0.665430
-3.283923
-4.064198
-6.669964
-0.862382
4.818415
0.202107
-3.372640
-3.015736
-3.851932
-1.412522
-3.548468
0.186944
-0.425234
-3.235805
-4.397941
-2.348569
-3.181433
-0.855120
-1.873989
-6.722930
-3.755101
-1.895010
0.051337
-3.344037
1.818741
-3.757976
-2.782185
-3.592155
-5.615360
-1.229001
-5.502344
1.280252
-1.737071
-5.153525
-2.636983
-3.370724
-1.683442
-3.508502
-4.770926
-0.476035
-3.528439
-2.371981
-3.518552
-3.991192
-2.146337
-4.068187
-4.072835
-3.247247
-3.267575
-3.058166
-1.441432
-0.685348
-4.277638
-4.004079
-2.816689
-1.887850
-3.149719
1.427862
-1.824773
-3.863710
-4.417557
-6.331000
-1.311539
0.044438
-2.665634
-4.494152
-0.597974
-4.035718
-4.178316
-1.505813
-6.761363
-4.898781
-0.356019
-3.856344
-1.110197
0.740228
-0.735380
-1.485845
-3.433497
-4.779889
2.352582
-0.531930
-2.314232
-2.234965
0.623683
-3.698299
-3.018595
-2.624324
-5.182323
-0.138290
-2.200268
0.500675
-2.791035
-1.581868
-0.009267
-1.418805
-0.182191
-3.577576
-0.593645
-5.074131
-0.067914
0.127709
-4.812350
-4.380518
-3.594225
-0.329934
-5.369175
-2.908432
-3.186757
-1.570101
1.310389
-4.082193
-4.428812
-1.722483
-0.917423
0.430468
-1.080160
-2.339419
0.179278
-1.553866
-2.416718
-4.407013
-3.109312
0.834215
-5.936329
-5.010662
-4.396778
-3.849039
-4.883049
-4.000950
-1.558829
-1.847126
-2.308303
-4.584126
-6.934438
0.146882
-3.201046
-6.298084
-0.147184
-2.938928
-7.317252
-0.245284
-3.676063
-2.548923
-2.805258
-3.211372
-1.842908
-2.923903
-1.148110
-4.430393
1.262603
-4.069268
-1.851828
-1.093674
-6.384041
-2.266957
-0.706385
1.179522
-4.207351
-2.382651
0.029904
0.614428
-1.421393
-3.574426
-0.763673
-0.180620
-4.827498
-5.535163
-2.943478
-5.149764
-1.218270
-6.575620
-4.805707
0.693000
-6.833331
-2.058118
-2.059879
-1.448679
-3.129563
-1.359758
-2.222512
-2.653606
-1.525787
-0.071950
-3.521082
1.412122
-0.651817
-3.101724
-4.322100
-2.858804
1.445992
-1.314550
-3.528788
-4.745493
-4.048790
-4.128827
-0.368915
-4.180930
-2.844623
-3.875903
-5.371893
-4.091659
-1.884443
-1.871626
-1.847636
-3.905069
-2.899869
-2.258070
-6.004955
-1.296554
-2.347048
-2.521124
-1.864853
-2.425950
0.090503
0.476473
0.275459
-4.538213
-1.134013
-5.506627
-0.240732
-3.839738
-5.745006
-2.525461
-3.133521
-1.877133
-4.358786
-3.489936
-6.153009
0.862687
-4.223318
-1.236073
-1.411571
1.529110
-4.518703
-0.549137
-2.109076
-1.282555
-3.807444
-3.745895
-1.355746
-0.549608
-3.363294
1.005715
-1.018871
-2.054750
-0.897618
-5.913166
-1.222061
-2.576961
1.096148
-4.799433
-5.348874
-2.367017
-2.262136
-6.558223
3.344757
-3.595208
-3.549332
-2.162541
-0.241835
2.870737
-0.268740
-3.318522
-3.465052
1.612313
-1.675019
-1.879136
-3.590399
-3.623839
-1.098812
-1.691286
-3.755413
-2.360014
-2.996291
-0.877647
-2.568980
-5.599575
-0.287325
-2.680938
-2.740164
0.499146
-7.048928
-3.713987
1.015172
-2.847436
-2.519762
-2.970829
-4.741110
-3.506706
-3.799137
-1.114190
-1.540661
-2.089706
-2.820050
-1.138275
-1.499904
-0.799221
1.981357
-1.032834
-1.558287
-0.454726
-0.790818
0.324474
-1.201189
-3.349776
-2.677633
-5.655365
-3.772220
-5.393705
-1.132897
-3.521616
-0.427310
-5.063016
-4.478056
-2.649502
-2.034496
-2.690861
-1.721812
-1.470863
0.132316
0.090425
-5.728317
-4.242596
1.025998
-5.351962
-3.425416
-1.912427
-2.087810
-3.938533
-1.890750
-3.735391
-1.205281
-3.578585
-3.442901
2.144644
-0.638522
-4.908510
-3.041869
-1.957700
-1.002188
-4.497928
0.638571
-0.658808
-3.702890
-2.730603
2.297568
-4.204320
-1.035783
-0.871894
-4.650777
0.476811
-4.966529
-2.325924
-3.298389
-2.530332
-3.603630
-2.210726
-2.903867
-5.691545
-2.491906
1.477547
-3.704940
-5.265797
-2.423791
-2.633134
-2.985595
-2.032620
-1.362409
-0.763952
0.028546
-4.242694
-2.428380
-2.831069
-2.539329
0.541994
-1.622235
-1.580926
-2.506005
-3.531490
-0.570238
-1.758967
-1.619421
-3.110414
-3.714660
-1.428317
-1.582130
-2.169310
2.538570
-3.288394
-2.770664
-3.938860
0.090700
-3.109291
1.643420
-5.474668
-5.399457
-0.140322
-3.202680
-2.632659
-7.299598
-3.773358
-6.346442
5.128905
-1.295596
-4.427972
-3.617278
-6.627342
-4.244622
-2.586111
-6.324341
-2.338757
-5.160774
-0.822567
-2.977683
-2.851008
-3.595782
-4.043912
0.164592
-2.928669
-1.137040
-3.945183
-3.365636
-1.583270
-2.469615
-0.379759
-3.160661
-1.284173
1.596567
-2.902250
-1.696386
-0.053581
-5.775263
-1.113182
-2.342133
-2.680783
-2.578987
-4.697556
-1.523918
0.644930
-1.160138
2.095185
-3.411160
-0.457591
-0.743320
-3.409760
-2.683573
-1.188936
-4.019653
-0.029714
-3.786937
-6.982422
-4.004300
-2.928511
-0.290061
-6.284395
-5.805113
-0.362421
-3.917658
-0.356750
-2.232774
-2.939380
-2.985777
-3.948520
-2.548071
-3.430306
-4.946692
-1.745691
-3.685646
-3.246386
-2.479833
-4.562777
-2.479583
-2.166641
3.208126
-3.093201
-2.072079
1.487638
0.519938
-4.885348
-0.655693
-2.150592
-3.628069
-4.219367
-4.165062
-0.203211
-3.216550
-2.800173
-2.344218
-3.292502
-3.128771
-2.541922
-0.250674
1.584499
-1.112602
-1.857381
-0.775779
-0.502077
-7.857129
-2.821832
-4.191625
0.127441
-3.461329
-2.129056
-3.160954
-2.473188
-5.057852
-3.014584
-3.698258
-2.035126
-6.957669
5.023875
-3.506630
-3.057409
-2.413356
0.226017
-2.192643
-0.327221
0.456401
-3.552349
-2.162940
-4.659644
-5.847542
-2.325165
-5.490922
-2.186418
-3.160167
-1.867567
-2.764319
-3.481692
-0.650979
-1.158302
0.414502
-0.198883
-2.622524
-1.832035
-3.252755
-4.390403
-2.030933
-3.223089
-1.317079
1.043111
-1.032349
-1.710195
-3.063959
-1.056141
-2.680559
-4.793423
3.515883
-1.459967
0.914771
1.071849
-2.063679
-0.690544
-2.062922
-2.978902
0.943109
-0.598680
-2.570545
-2.858009
-1.635921
-5.326123
-1.817518
-2.073077
-3.358790
-0.450571
-7.199251
1.243360
-5.910512
-6.147306
-3.622453
-0.663748
-3.086631
-2.839151
-2.392248
-1.434986
-4.972515
-4.893177
-3.278592
1.821933
2.045265
-2.494334
-2.760576
-3.979389
-1.410758
-3.454620
-1.351801
1.461883
-1.492179
-1.926104
-3.060575
-4.811123
1.888339
-1.417516
-3.444280
0.714476
-0.613593
-3.701049
-5.177158
-3.495232
-5.724227
-2.949615
1.155049
-1.260948
-1.856703
-5.032765
-5.943463
-0.871470
-3.459901
-3.217103
-2.666273
-3.375601
-4.014431
-4.487482
-2.775314
-2.845660
0.585977
-2.605758
-2.707379
-0.118667
-1.004126
-3.463082
-2.643332
-2.234136
-5.216358
-3.496549
0.812650
-0.823060
-0.884221
-4.888292
-1.617306
-3.319743
-0.641773
-1.203889
-0.332414
-6.547585
-5.326426
-3.362212
1.845559
-0.410947
-1.883733
-3.452692
-3.225983
-4.320597
-3.090671
-10.026909
-2.578008
-3.149111
-3.001735
-2.550096
-0.614917
-1.155744
-2.448711
-4.182717
0.757862
-2.656596
-1.389212
-4.046985
-1.231059
-7.095561
-0.744322
-4.181549
-2.224235
-0.278407
-2.575982
-3.689426
-4.650600
-1.668590
-2.330200
-3.460011
2.057012
-6.539510
0.911305
-0.963759
-3.369738
-0.243606
-1.032494
-2.814001
-5.853475
-2.201076
-0.361644
-5.402562
0.803462
-6.194653
-1.821538
-5.171474
-0.079325
-0.364113
-3.941190
-2.691667
-0.225531
-0.082514
0.919374
-3.997992
-0.855577
-2.258916
-2.088742
-3.965858
-4.297960
-0.978602
1.606833
-2.132812
-0.616602
-5.667547
-4.208373
0.486123
-3.040516
0.109214
-1.605824
-3.391043
-3.034257
-4.973245
-5.249090
-1.852902
-2.640854
-4.085926
-3.223164
1.748280
-2.878659
-0.234696
-6.302056
-3.339367
-1.711735
0.168558
-1.275245
-1.236410
0.358173
-4.757706
-0.796978
-3.208371
-3.730180
-4.181518
-2.260902
-3.257247
-0.894060
-1.003319
-4.694211
-0.643968
-0.466298
-3.340650
-4.269936
-0.324624
-1.710180
-2.123513
-2.093532
-6.523153
-4.539670
0.542342
-0.116749
-0.687338
-2.854843
0.198555
-3.862776
0.321473
-3.597976
-3.069135
-7.676569
-2.604747
-5.458826
-2.795213
1.095366
-1.624530
-3.611219
0.418204
-1.418301
-4.204722
-2.899905
-1.394338
-3.460488
-3.195533
-0.723820
-3.577338
-2.077501
-3.796743
1.354459
-4.411362
-6.274265
-3.622625
-0.192462
-5.972726
-3.041074
0.349237
-2.934285
2.438079
-2.670562
-2.886577
1.734862
-3.543537
-4.737392
-0.175264
-0.808973
-3.360927
-2.851312
-3.627010
-6.435806
-1.141069
-6.860955
-1.905994
-6.165856
-3.159811
-2.314949
-3.278523
-2.272680
-1.838527
-1.699785
-2.741866
-1.247104
0.422154
-1.539903
-2.110920
0.595671
-3.951975
-2.091637
-0.147609
-1.014010
-4.108562
-3.058014
-4.499935
-4.726870
-3.032088
-0.778541
-0.475745
-4.561662
-0.502302
-4.717589
-5.740814
-1.137586
-5.311855
-1.296480
-4.129695
-6.023074
-3.545636
-0.692895
-3.549163
-0.965750
0.740642
-2.639145
-5.937383
-1.228358
-2.963338
3.752389
-3.091882
-1.272605
-1.109631
-3.278680
-3.187158
-0.423215
-2.780067
1.052376
-2.751043
0.056474
-1.841514
-2.607437
-4.180459
-1.959661
-0.043817
-7.524255
0.322222
-3.007399
0.138694
-3.537138
-1.852643
-1.505139
-1.362165
-6.487382
-3.180999
-1.046107
-0.737188
-2.803674
-1.634761
-0.809456
-1.838860
-4.176183
-2.422381
-0.602173
-1.585345
-4.754129
-1.214814
1.638486
-4.191930
-2.246447
-4.916175
-1.196292
-3.024244
-3.344659
-1.634839
-3.812501
-6.459944
-1.402888
-2.065482
-4.543169
0.393855
-2.679978
-1.840778
-1.923010
-2.699875
-2.901161
-5.154788
-4.032684
-0.100254
-6.512339
-4.349748
-6.980120
-0.787082
-4.872096
-2.268600
-0.015587
-2.760524
-0.914368
-1.772061
2.036657
-2.018220
-4.211994
-2.570910
-2.628958
-2.801602
-2.825569
1.150843
-6.020939
-2.244363
-4.080888
0.173397
-4.536702
-1.295175
-0.347142
-6.257277
-2.284225
-1.621740
-3.141289
-6.651748
-2.788180
-0.972721
-0.966072
-2.720146
-1.510883
-4.882223
-3.738810
-1.201377
-2.060834
-3.100894
-4.455089
-4.359977
-1.627149
-1.907760
0.064482
-2.288581
-1.346352
-0.296202
0.479377
-2.350236
-3.111071
-3.156390
-1.836401
0.624811
-6.832383
-4.607147
-4.332116
-5.889385
-1.456920
-0.887981
-1.093854
-3.995330
-2.390709
-2.329400
-5.057790
-2.812713
-4.654952
-2.919323
-2.705668
0.149179
-3.191370
-6.021539
0.415120
-5.832307
-4.268646
0.588040
-4.488076
-1.580320
-1.757174
-0.609122
-4.700903
-3.470382
-0.484036
-2.509312
0.977039
-6.560987
-6.139223
2.023236
-6.590748
-1.258722
0.116393
-5.377292
-4.762792
-0.544680
-3.513006
-2.877877
-2.536238
-3.930039
-3.195578
-1.980215
-0.231144
-0.542880
-6.256781
-3.280440
-2.403150
-2.092517
-1.938411
-0.809168
-2.298947
-1.695382
-1.094338
-2.548275
-1.500856
-1.743947
-2.219600
-0.527343
-3.647455
-2.734707
-1.477003
-3.469860
-4.382291
-0.497637
-1.962428
-6.196810
-5.104042
-3.095431
-3.996923
-1.269496
-3.468832
-1.989290
-1.356415
2.158960
-2.432523
-3.783370
-3.087328
-2.968524
-3.723371
1.717287
-2.560574
-0.691539
-3.874661
-3.207055
-0.660333
-4.384909
-5.505934
-1.331717
-3.261341
-2.947537
-0.937864
-6.956176
-2.675030
-4.483027
-1.701093
-5.301151
-4.727641
-3.310465
-3.560564
-1.937351
-2.132928
-0.351960
-2.578547
-5.042941
-0.533174
-1.754508
-2.270143
-2.501401
-4.369819
-5.612732
-2.667129
-3.813505
-1.797814
0.563171
-1.550884
-3.265204
-0.474224
-3.749870
-0.629006
-4.146176
-3.172125
-2.784041
-5.010975
-4.585882
-4.756735
-3.016704
-6.559736
-6.025540
-5.547646
-2.566094
-1.750275
-1.087696
-0.866449
-3.510420
-3.900421
-4.129788
-2.012716
-0.890512
-2.256040
-2.070595
-1.885596
-2.661990
-4.686658
-4.905943
-3.971283
3.153825
-1.573037
-1.485109
-2.344949
-4.232708
-6.122656
-5.507978
-3.278111
-2.157925
1.956681
0.011818
-2.472620
-4.054049
-5.827709
-3.474828
-1.196578
-2.599224
-1.640763
-3.568575
0.744481
-0.648588
-7.007760
-3.053158
-3.480160
-1.686852
-6.230492
-2.603550
-0.704963
-2.482165
-4.192843
-6.410682
-5.576227
-3.509694
2.173127
-5.813734
-2.852022
-0.526414
-1.770301
-2.918466
-4.324178
-0.369122
-5.992979
-2.566859
-1.635535
1.171520
1.525648
-2.413472
-2.472835
-3.509981
0.824350
-0.969307
-6.001647
-2.621940
0.124185
-2.137212
-0.263512
-3.034072
-1.481804
-1.629707
-2.155473
-4.949692
-4.018137
0.064239
-6.858055
-5.209607
-4.825974
0.576320
-3.943634
-2.429111
-0.609405
-0.198578
-3.285441
-3.107020
-0.041350
-3.594025
-0.982946
-1.599525
-3.733241
-3.772826
-2.648082
-2.231311
-2.029938
-1.586987
0.959859
-3.305526
-1.840473
-4.563894
-3.621378
-4.479272
-2.316592
-3.662977
-2.360085
-5.119197
-4.170808
-1.148370
-1.796358
-1.301065
-2.189510
-3.093740
0.758511
-1.753841
-3.914757
-3.454421
-2.755101
-2.143928
-4.535028
-3.138779
-3.219861
-0.467464
-4.617611
0.403832
-2.124720
-2.514758
-3.818998
-0.980056
-0.950448
1.284981
-2.132546
-6.375050
-2.890578
-1.035550
-6.786921
-0.160708
-3.342746
-2.481812
-4.472738
-5.143873
-1.509793
-4.776075
-2.735608
-1.799384
-0.811927
-5.241726
-1.370527
-3.460228
-4.051816
-0.958388
-0.454616
-3.677116
-1.154182
-4.469955
-2.596730
-0.353364
-1.699604
-3.076624
-2.392064
-2.346141
-4.954046
-6.644196
-5.566195
-3.899241
-7.083193
-3.381660
-3.918119
-1.178263
-1.952447
-4.613275
-1.919953
-3.473369
-1.769511
-3.530395
-3.589662
-0.510323
-1.151102
-6.210077
-1.655101
-0.309278
-3.988557
-5.229945
-2.044126
-6.900342
-0.629704
-1.317090
-4.721826
-3.550249
-2.033557
-0.263520
-3.159227
-1.676000
0.160286
-2.541952
-4.163487
-0.628123
-4.881850
-3.139442
-0.221821
-2.795958
-4.011490
-1.953319
-3.088015
-5.269454
-1.378796
-3.432620
-1.913320
-2.429239
-1.962747
-4.839102
-4.811770
-0.581396
-3.102727
-3.487025
1.093776
-1.764115
0.101590
-1.786917
-2.115756
-3.982558
-2.733855
-2.936893
-1.630795
-1.507078
-1.341832
-2.475017
1.630522
-3.385640
-1.490538
-4.083822
-3.975044
-0.026862
-0.717734
-4.753865
-4.240277
-0.892038
-4.955155
-5.079684
-1.143399
-3.849116
-1.137909
-4.394588
-4.764600
-2.268795
-2.590926
-4.091536
-4.821383
-2.750025
-1.415533
-0.595026
-2.648898
-0.207228
-1.408560
-0.342552
-1.948972
-2.153248
-1.997898
-2.882498
-2.378676
-2.464039
-0.606153
-3.251210
-2.497336
-3.817008
-4.188627
-3.156490
-3.125344
-1.129153
-1.141533
-4.436372
-1.005960
-2.624423
-0.509961
0.204427
-5.661469
-4.046687
-3.455402
0.363596
-2.877419
-1.127236
-5.728851
-0.377849
-5.211260
-3.686914
-4.209025
-7.465266
-2.644395
-4.719230
-5.719450
-1.601234
-3.065897
-3.033057
-2.904580
5.224360
-2.210198
-3.634911
-7.251175
3.085467
-0.939175
-1.805341
-4.136182
-4.834953
-3.365674
-5.878094
-2.966553
-4.045058
-3.586428
-2.843974
-0.938238
-2.680126
-2.130124
-7.467291
-6.913302
-5.070281
-3.794201
-3.203335
-2.904777
-1.648517
-2.614669
-1.483514
-4.071406
-5.122632
-5.926304
-0.551006
-2.799041
-2.698925
-5.883627
-2.376744
-2.475697
0.713108
-4.151127
-4.657299
-0.825300
-3.908998
-2.775447
1.424773
-3.318800
0.792020
-3.140198
-3.415974
-3.708818
-1.393022
-3.667266
-2.580772
-3.377028
-3.740326
-0.941413
-3.672497
-4.319963
-2.950376
-0.304163
-3.631852
-1.486905
-4.137423
-1.137927
-6.479276
-2.481817
-4.743603
-4.286972
-4.090328
-0.168991
-1.560930
-2.720518
-5.983035
-3.146103
-5.251172
-4.261253
-1.877036
-1.381979
-2.768213
-1.963077
-6.742284
-2.031609
-5.769363
0.021833
-2.354768
-3.746601
-2.028521
-2.348823
-0.982716
-4.067758
-4.081250
-3.992175
-5.317492
-2.799067
-0.485310
-2.284916
-4.952813
-3.525463
-4.060382
-0.848204
-2.129150
-2.740906
0.143954
-5.688400
-4.131736
-1.853717
-2.008357
-3.320450
-2.570287
-0.882689
-0.463727
-0.728075
-1.981998
-1.614285
-4.087027
-2.775404
-2.656889
-1.600724
-1.481124
0.702151
-5.646491
-2.360070
-0.299525
-6.318221
-3.266484
1.296025
-4.104668
-5.108551
-4.596791
-4.974813
-5.359951
-5.483783
-2.605861
-3.192158
-2.453182
-2.243429
-2.814366
-3.043703
-3.767696
-3.388792
-1.535810
-2.873385
-1.880334
-1.677757
-1.323089
-4.888602
-2.602658
0.458739
-1.467772
-1.784430
-2.980917
-4.774814
-2.564496
-2.110603
2.958372
-2.367195
-3.990065
-2.236043
-3.971500
-2.770162
-1.970561
-3.407938
-2.973773
-4.801249
-6.610700
-7.242902
-5.125846
-3.767928
-1.873647
-5.367896
-1.672193
-3.090799
-0.655008
-2.791058
-2.088004
-2.268876
-1.815217
-3.873236
-3.994607
-2.688704
-3.598978
-2.245017
-3.055573
0.334091
-1.128288
-2.994414
-3.127335
-5.648320
-4.629555
-2.472643
-3.717621
-3.737164
-3.295105
-3.717163
-1.857295
-4.003417
1.261978
-3.872269
-2.170449
-2.555492
-0.526247
-6.564991
-2.099142
-2.215004
-0.497821
-2.769336
-2.778949
-0.203793
-0.194786
-3.118244
-5.951152
-2.798561
-5.628070
-2.830947
-6.567170
-0.541824
-6.612034
-6.232085
-0.594930
-1.657550
-6.557785
-3.391828
-5.117534
-1.144200
-1.305337
-1.557611
-5.425425
-4.241401
-3.217495
-1.990409
-1.439002
-1.232944
-1.497888
-5.543576
-1.888623
-5.269131
-1.425547
-1.259984
-3.223998
-3.791288
-1.444807
-1.278128
-6.419010
-2.625145
-4.434603
-4.212487
-4.110528
-3.716784
-5.172008
-4.203960
-7.125827
-4.338337
-2.016418
-3.804165
-4.607090
-3.485821
-0.756831
-4.222728
-2.182842
-2.402095
-6.702947
-3.370801
-1.188457
-1.840333
-2.364320
-4.631318
-0.884279
-1.439778
2.739802
-4.869649
-2.463016
-5.115538
-0.105563
-5.545254
-1.317610
-0.420273
-2.297990
0.023471
-2.787085
-2.068025
-0.606462
-4.205523
-3.126066
-0.550293
0.482679
-2.189085
-3.730760
-0.744342
-3.340145
-3.140481
-5.339171
0.120580
-3.155331
-3.277864
-1.822794
0.633262
-0.685867
-2.899328
-4.216164
-4.100732
1.534266
-5.418666
-4.844419
-3.435500
-3.819035
-4.010679
-1.418231
-0.626957
-2.016191
-3.214048
-4.708009
-3.258882
-3.429444
-3.097673
-1.019931
-0.761631
-4.926567
-3.920380
-1.114777
-1.762083
-6.612503
-3.863722
-1.944252
-5.383459
0.958317
-1.705312
-5.334344
-2.026283
-1.788953
-0.745517
0.105186
-0.375374
-2.903801
0.459821
-0.646675
0.206950
-2.768893
-2.579708
-3.968560
-0.194196
-2.775781
-3.809823
-1.217172
-2.920797
-4.890001
-2.485455
-2.165016
-3.565281
-3.033264
-0.989092
-3.764377
-2.715134
-3.002649
-2.199069
-0.137231
-4.083611
-1.514688
-5.009814
-3.488866
-2.826955
-2.275172
-3.144617
-2.502218
-6.638688
-4.516026
-0.143698
-1.903937
-1.037029
-1.490293
-6.980467
-3.215175
-0.798320
-1.286476
-2.503599
-2.310505
-5.119017
-3.294391
-1.481530
-4.420135
-1.630549
-4.729157
-4.948711
-1.320645
-4.011780
-4.622096
-3.654201
-1.705553
-2.794343
-2.924585
-1.022580
-3.528903
-2.159662
-0.827471
-3.579358
-0.500468
-0.503905
-4.632665
-1.634931
-3.143142
-3.186946
-2.313482
-2.529620
-3.433038
-6.172435
-6.117349
-4.422444
-3.104090
-3.712901
-3.653744
-3.651360
-2.777013
-1.165763
-4.668005
-0.626202
-4.553321
-2.878701
-0.853378
-4.876586
-2.642554
-3.600815
-3.050478
-2.168818
-1.436781
-5.398344
-3.067998
-3.388677
-1.618247
-4.605939
-1.516705
-2.071023
-3.074636
-2.768768
-5.310708
-5.325392
-4.214608
0.060476
-6.769753
-3.806010
0.029593
-2.115902
-1.384744
-2.787292
-4.041872
-3.241212
-2.691743
-2.607236
-2.817283
-3.640258
-1.280533
-1.621497
-5.529881
-4.257288
-6.037436
-6.110840
-2.800286
-4.476361
-2.740131
-3.659854
-4.203487
-0.288633
-0.473583
-3.793881
-4.076024
-0.448202
-3.319557
-2.383716
-4.688204
-2.346953
0.818382
-1.067504
-5.393532
-6.529543
-2.994973
-1.535646
-5.708656
-3.547641
-3.779631
-5.749043
-2.802924
-1.149418
-3.499340
-1.665081
-3.985331
-2.259364
-2.616551
-4.619015
-0.955863
-4.865427
-2.280018
0.068672
-4.985771
-3.851814
-1.979373
-3.410832
-1.807671
-3.912131
-3.654394
-3.036302
-4.302093
-3.887305
-1.195690
-6.139223
-3.405157
-2.124480
-1.775100
-0.348298
-6.009398
-0.765029
-5.335518
-2.868614
-0.999520
0.078275
-1.984533
-2.358728
-2.448968
-6.405906
-3.546576
-3.249499
-3.632687
-5.081044
-1.519609
-6.394847
-2.801521
-3.516531
-2.597789
-0.014355
-3.895071
0.010517
-5.447068
-4.385219
-6.601499
-3.747477
0.064635
-5.171987
-4.651547
-6.556296
-2.533715
-4.591322
-4.304138
-3.816955
-2.720721
-5.815546
-2.253662
-3.139998
-4.438722
-1.020315
-6.164425
-3.554206
-3.610867
-0.788069
-1.705254
-3.225449
-3.075390
-5.258061
-2.234750
-1.815127
-3.700613
-2.243451
-3.643633
-3.723045
0.247986
-1.856789
-6.431363
-3.847918
0.161053
-0.881391
-5.177472
-2.526974
-5.732489
-2.453218
-2.829494
-1.574905
-2.107977
-1.334253
0.716075
-0.557230
-2.247115
-4.720705
-6.114987
-4.250748
-3.486024
-2.795560
-3.296204
-4.277145
-4.764565
-2.598760
-2.725307
-2.872307
-1.577069
-2.787691
-0.834702
-2.540367
-2.232621
-2.472314
-4.657533
-4.438475
-2.704661
-5.280348
-0.233091
-1.665595
-2.888473
-2.818820
-2.788112
-3.062595
2.411881
-3.218163
-3.557515
-5.964680
-1.096249
-3.677142
-2.694567
-4.447983
-1.001364
-2.331019
-1.168873
-3.467277
-0.447258
-6.419992
-3.418031
-5.284096
-0.846988
0.003489
-4.137190
-5.691766
-2.319815
-2.187927
0.774069
-5.679639
1.051556
-1.379288
-4.057482
-2.155666
-2.221134
-5.949045
-0.238258
-2.121861
-4.215734
-1.945660
-5.485578
-4.209059
-0.626725
-2.591537
-1.953874
-2.816778
-4.077306
-2.543498
-1.180279
-2.606737
-3.994579
-5.707224
-3.659169
-2.220687
-0.737649
-3.465502
-2.206622
-1.932955
-4.005623
-2.891303
-1.957278
-5.769459
-4.094975
-4.672953
-3.036858
-0.997993
-4.772120
-3.948409
-1.872766
-2.398432
-0.346490
-2.285837
-1.063992
-3.116314
-4.326296
-3.986028
0.876180
-3.127823
-4.165556
-2.629152
-5.540241
3.488597
-3.535812
-0.598379
-2.726483
-2.079816
-3.015961
-6.035551
-4.406866
-2.162927
-4.841360
-4.974359
-5.046933
-1.576082
0.098541
-3.592322
-4.853517
1.425985
-1.879086
-1.532224
-0.366396
-4.847030
-3.047528
-5.732041
-2.078729
-1.842775
-5.587395
-1.796581
-2.623331
0.621401
-1.560427
-0.125742
-3.541145
-5.095917
-2.016226
-6.812701
-1.129809
-4.470097
1.309954
-3.218313
-3.172828
-5.305518
-0.315043
-3.324279
-2.374038
-2.944402
-4.707686
-2.798197
-5.163022
-2.453831
-5.867299
-4.328515
1.268745
-6.504081
-3.974447
-2.442698
-4.081003
1.868953
-4.279864
-2.848110
-3.463977
-4.824633
-1.689005
-2.648336
-0.180756
-3.858459
-5.541885
-2.345534
-2.221887
-5.615332
1.006186
2.025960
-4.617887
-1.635226
-4.194034
0.219075
-3.170181
0.226113
-2.045991
-4.586798
-2.196651
-4.622888
-1.460135
-1.677801
-1.691728
-3.711033
-3.572263
-5.452297
-0.473276
-2.873814
-3.288954
-3.084721
-2.310255
-2.844407
-5.069739
-3.941727
-4.092170
-5.308446
-1.126542
-6.501442
-4.605078
-4.899192
-3.779330
-2.131333
-2.333401
-1.281097
-5.222018
-4.561801
-2.875800
-1.326658
-1.119636
-4.171483
-3.675744
-5.018231
-5.153947
-1.580825
-0.618156
-2.415941
-2.131551
-1.354729
-3.755859
-3.593313
-3.362339
-4.406500
-1.050324
-5.666502
-1.767112
-4.483812
-1.482336
-2.570324
-5.450407
-2.357523
-2.802977
-1.229654
-2.701614
-4.797415
-1.479159
-1.261131
0.732816
-2.509067
-4.764211
-4.924038
-2.904500
-2.040228
-3.038334
-3.452770
-4.597353
-1.169307
-1.453784
-0.908360
-4.799200
-4.123373
-3.018049
-1.813201
-4.336103
-0.124517
-2.307645
-1.896611
-1.070039
-5.531172
-1.185561
-3.897306
-1.609563
-4.756899
-4.306786
2.136139
2.367364
-4.156291
-4.291361
-1.449899
-2.995880
-5.054098
-6.600614
-4.821098
-2.030757
-5.874571
-2.397359
-2.659237
-2.681340
-4.699594
-5.020838
-3.783230
0.395269
-3.541029
-3.489297
-6.387262
-2.051521
-5.786119
-0.368861
-2.241850
-6.198842
-1.701595
-2.319978
-4.122564
-3.213351
-2.157224
-2.949787
-0.213732
-2.239034
-4.668536
-4.799031
-4.710263
-2.302808
-1.560408
-2.712514
0.595624
-1.572743
-4.700790
-4.853620
-0.849539
-4.795843
0.432366
-4.320093
-3.274817
-4.280740
-2.634370
-2.507221
-5.115870
-5.354561
1.174670
-3.577056
-3.589964
-1.782303
-4.311795
-0.032531
-1.855495
-0.557854
-5.518222
-1.348346
-4.645110
-2.426026
-4.082224
-1.172729
-3.780431
-2.636822
-4.739523
-4.030305
-2.883862
-3.565003
-2.635567
-0.704814
-5.172383
-4.343902
-3.538351
-2.921060
-0.926498
-3.901512
-2.892600
0.666814
-3.116005
-5.504138
-5.858463
-1.887423
-2.632526
-2.866982
-2.365111
-4.233512
-2.324730
-3.201040
-2.522058
-2.802001
-2.720594
-1.672926
-0.790914
-2.789603
-6.821089
-5.690862
-3.079348
-2.152310
-1.926879
-3.750564
-5.073259
-5.265008
-1.372454
-1.338764
-0.884635
-3.050936
-0.609689
-1.981813
-3.947856
-4.892623
-3.436929
-1.718350
-2.535743
-5.706855
0.282889
-5.267231
-0.035457
-7.068902
-1.693043
-4.263570
-1.397022
-3.226662
-2.322565
-3.997330
-5.166308
-6.378530
-4.402573
-2.154641
-1.677160
-0.727778
-2.306978
-4.633519
-3.380787
-2.758448
-0.625188
-3.615207
-6.380194
-3.809394
-0.526803
-4.424991
-3.369576
-0.731932
-2.563614
-3.857145
0.088226
-2.661647
-5.306876
-2.607952
-3.509038
-4.798846
-3.446376
-1.304397
-1.145359
-3.108461
-2.976616
-4.260265
-1.623486
-0.208199
-2.813718
-5.518641
-4.792992
-6.328382
-4.809656
1.320853
-0.123285
0.348562
-1.764519
-1.358880
-5.981212
-3.437648
-2.912248
-6.356046
-0.627857
-0.169326
-5.478479
-1.281009
-2.566406
-3.665705
-4.354008
-1.905774
-6.088056
-4.177477
-2.952871
-5.483160
-4.600529
-6.622354
-4.176353
-2.604534
-4.414006
-1.771005
-4.935429
-4.507688
-5.128258
-4.472231
-1.008921
-2.732682
-4.011864
-3.335684
-3.893211
-2.067517
-4.477201
1.567205
-3.006026
-1.386048
-4.426608
-5.234361
0.578892
0.025917
-0.880316
-2.718485
-3.309630
-2.802424
-2.860747
-0.955884
-4.326666
-3.234778
-1.663129
-1.588313
-4.513820
-3.964555
-1.683155
-3.269334
-0.154952
-3.136703
-1.133237
-3.011996
-1.554277
-3.236104
-1.724863
-1.048073
-6.333055
-4.434847
-2.651796
-5.478198
-4.487986
-4.466056
-5.791332
-0.730425
-2.243908
-3.935789
-0.795942
-5.996237
4.295676
-3.261101
-3.651571
-5.562886
-2.774887
-6.636478
-3.001925
-0.618722
-2.261039
-4.096593
-4.586082
-3.499820
-4.814445
-4.984902
-6.356482
-1.386928
-1.566386
-1.475881
-4.881807
-2.063514
-6.357498
-1.467230
-6.313798
-2.309080
-5.233915
-2.040955
-3.046983
-3.032483
-4.058886
-4.979893
-3.555313
-1.650546
-5.863210
-1.802405
-0.910410
-4.317508
-5.853648
-1.479093
-6.399004
-1.746527
-4.110888
-0.717391
-5.451226
-4.109293
-2.565637
-3.911589
-2.078364
-1.109565
-2.704635
-2.634343
-4.116561
-0.963807
-3.078169
-2.368368
-5.006045
-2.237053
-2.534622
-3.850037
-4.728583
-1.520221
-3.211098
-1.839313
0.219111
-5.156030
-5.481199
0.248171
-0.100536
-2.723697
-2.268074
-5.361386
-2.525316
-0.873938
-0.704705
-6.070388
-1.680533
-0.754595
-1.973171
-3.802177
-0.838039
-4.903996
-1.948968
-6.005561
-4.424376
-1.432296
-4.404108
-3.763088
-3.480395
-2.597723
-6.280609
-4.382321
-1.132552
-4.055444
1.845640
-1.845258
-6.636165
-5.185019
-6.473948
-0.934798
-1.996176
-3.368158
-0.561385
-7.481054
-3.680899
-1.477124
-4.219503
-4.961242
-5.002436
-4.722154
-1.695393
-2.800463
-5.225708
-2.290941
-6.372508
-2.998555
-5.349661
-6.253372
-4.829082
-1.658914
-2.741037
-5.780634
-2.065992
-2.231982
-5.108728
-3.220751
-1.928333
-1.717671
-3.392291
-3.139496
0.010746
-1.355018
-0.716625
-6.767346
-3.835750
-2.123230
-1.760635
-2.923757
0.051102
-4.765476
-2.455238
-4.896387
-2.462968
-3.824264
-5.972655
-2.931945
-1.360594
-4.202042
-2.758734
-1.654853
-6.529717
-2.895328
-5.600010
-3.567172
-1.565777
-4.556843
-3.902970
-3.511692
-4.929552
-3.325914
-6.934249
-3.330797
-1.137725
-1.339950
-4.341391
-4.878615
-3.923408
-0.667179
-5.154356
-2.292592
-0.621910
-1.682533
-4.411327
-5.371021
-1.755993
-5.141208
-1.766232
-2.927807
-0.487490
-2.668422
-0.514820
-2.565979
-6.584519
-5.219664
-0.842822
-1.930090
-4.308505
-5.571856
-3.275316
-3.965504
-0.226186
-3.603282
-3.962021
-5.136333
-6.111551
-3.929630
-4.446313
-0.611098
-1.320704
-3.879256
-1.539462
-2.964698
-2.537950
-6.376622
-0.830029
-1.991276
-6.714355
-3.073972
-1.605890
-2.788457
-6.317393
-2.617782
-3.801013
-3.232847
-3.308464
0.068899
-2.728310
-4.038844
-5.333365
-3.836670
-3.927507
-2.835848
0.079711
-1.434545
-4.265973
-2.403691
-2.060067
-2.699408
-1.759866
-4.061468
-1.482706
-3.229197
-4.721117
-1.814370
-0.605415
-2.212361
-1.496499
-0.420938
-2.714519
-0.183482
-6.054286
-3.659426
-2.246173
-3.859863
-3.634529
-2.025734
-3.039235
-3.098127
-3.382500
-3.358119
-0.583251
-0.935750
-0.782697
-2.646868
-4.441173
-0.721950
-4.754208
-3.904358
-6.659535
-3.396490
-2.943831
-2.565381
-1.515505
-3.235453
-1.293324
-2.136754
-5.375133
-2.634184
-1.992334
-4.488544
-2.126280
-1.294608
-3.220409
-3.300974
-3.883409
-1.998065
-5.671959
-1.787143
-4.467924
0.136221
-3.082589
-0.260318
-0.870229
-5.934642
-2.107052
-2.007687
-4.212606
-5.666393
-4.341379
-3.612545
-1.158772
-0.955783
-2.181844
-0.342236
-5.495311
-3.481907
-6.032614
-0.977810
-0.766675
-4.190001
-3.852139
0.878321
-1.874953
-5.654486
-2.994514
-4.472958
-2.866144
-6.946541
-5.350145
-2.119734
-4.653914
-2.601019
-2.287142
-3.649417
-3.910252
-1.405340
-5.458612
-2.646191
-0.926867
-1.511854
-2.375087
-5.031000
-1.616464
-1.557332
-2.873410
-4.505629
-1.420408
-5.373936
-0.268912
-2.680366
-4.577587
-1.969612
-6.765689
-3.056437
-3.550726
-4.612017
-3.154262
-2.054770
-1.431270
-7.498297
-1.871543
-2.791754
-0.844430
-4.633362
-6.236418
-2.852857
-2.362436
-0.483475
-2.207142
-3.754911
-2.197562
-2.947581
-0.462896
-6.488869
-3.063440
-1.474776
-2.601676
-1.763783
-1.246455
-6.817810
-6.474050
-5.052305
-0.830288
-2.383565
-2.736651
-1.657983
-3.507385
-0.009066
-2.823472
-0.715261
-0.167314
0.045067
-4.445971
-2.342623
-4.348741
-1.053789
-1.240428
-2.177730
-2.504428
-5.501639
-6.457797
-3.150719
-5.611086
-4.828405
-4.466980
-3.146471
-2.433844
-3.008419
-1.975581
-2.147988
-0.864737
-1.579908
-1.921814
-0.414741
-1.797968
-3.799549
-3.482018
-6.515665
-6.065876
-5.949458
-3.995956
-6.165999
-4.293302
-6.249742
-2.402913
-3.450365
-1.505545
-1.630203
-3.382154
-6.131818
-0.289069
-1.361916
-2.021457
-6.192642
-3.566759
-5.607906
-3.754739
-1.973095
-0.139877
-2.068477
-2.279358
-2.547506
-1.348125
-4.988735
-2.202330
-1.724804
-1.401360
-2.677526
-3.963857
-3.320037
-4.716121
-1.760989
-5.728005
-1.193520
-2.000352
-2.795382
-3.479614
-1.164279
-6.574034
-3.198215
-5.173504
-1.528956
-4.758712
-5.727105
-1.856941
-6.625083
-3.338414
-3.034209
-3.164870
-3.017644
-0.718224
-2.783746
-3.183371
-3.200680
-0.722128
-6.360978
-3.281358
-5.913240
-1.018273
-3.754921
-0.527459
-6.167912
-6.466101
-2.134964
-3.270931
-2.335405
-5.700767
-0.524682
-2.208595
-1.349737
-2.893350
-3.038752
-3.045131
-2.774335
-4.087433
-0.491268
-2.568438
-1.915661
-5.390937
-1.252518
-4.995432
-4.950743
-6.477583
-2.692990
-2.389187
-3.713484
-4.646132
-3.396332
-5.194455
-2.253747
-3.385791
2.508948
-3.336688
-5.264898
-1.483748
-2.316997
-3.791198
-2.526952
-4.478137
-6.893056
-5.402967
-4.454024
-1.537229
-0.781462
-2.239642
-1.984263
-3.489266
-0.249048
-2.848262
-0.745560
-3.766552
-4.330963
-5.497979
-1.986452
-6.905994
-1.772515
-3.076318
-1.303688
-2.816452
-1.876036
-4.133781
-6.146508
-2.183853
-2.449774
-0.388586
-3.810482
-0.951930
-3.132426
-2.958271
-6.175639
-4.085431
-3.451624
-1.228966
-3.606223
-6.829354
-5.149800
-3.143508
-6.033345
-2.309540
-2.451399
-2.563285
-4.958415
-2.446082
-3.156481
-6.810130
-4.057645
-4.678314
-6.327969
-3.435983
-4.408918
-6.945279
-4.851846
-3.516899
-3.138388
-2.500363
-2.897139
-2.667806
-3.009390
-2.650765
-4.999409
-1.515435
-2.537330
-1.616657
-6.982916
-1.511203
-5.515452
-2.282718
-4.840691
-1.047888
-2.982924
-5.071444
-2.599384
-6.756493
-2.799271
-2.243957
-2.423734
-2.907759
-3.671854
1.817960
-2.913160
-2.595835
-2.381705
-2.724755
-5.193868
-3.524719
-2.654312
-1.177884
-3.333805
-4.233786
-1.491248
-4.960342
-1.314376
-2.400458
-1.740874
