8
1 500 1000 200 42 777 13 99
-7.608775
-7.686110
-7.769711
-7.272764
-7.530030
-7.583955
-7.955827
-7.829762
-7.617882
-7.734963
-7.504598
-7.528378
-8.211345
-7.378181
-0.147633
-3.039397
7.711901
7.090134
7.162205
7.159706
7.146015
6.750879
2.674905
1.921111
1.985516
1.764430
-7.769315
-7.984858
-6.729803
1.060622
-7.826062
-7.877585
-7.863308
-7.426487
-7.493155
0.829148
-7.697136
-7.842198
-8.133273
-7.644579
-8.168513
-7.386125
-7.486376
-7.629296
-7.712113
-8.036536
-7.849135
-7.807878
-7.414401
-8.106522
-8.094340
-8.321026
-8.102755
-8.232426
-7.903073
-7.350034
-8.550603
-8.004966
-7.929902
-7.778569
-7.777665
-8.031594
-7.759762
-7.953324
-7.881650
-7.934608
-8.076081
-7.753777
-7.952842
-7.733168
-7.821362
-8.137078
-8.006662
-7.916928
-7.828865
-6.951494
-7.460541
-7.943189
-8.057901
-7.736264
-7.715644
-7.659279
-7.761163
-3.256126
-7.754796
-7.582603
-7.886484
-8.410537
-7.825863
-7.911429
-8.401248
-7.887367
-7.780330
-7.810431
-8.058272
-7.735061
-8.312785
-7.249941
-7.975320
-7.770823
-7.637133
-8.243151
-7.837420
-8.003504
-7.903448
-7.728894
-7.430221
-7.609551
-8.002755
-7.755952
-7.919250
-7.282207
-8.140469
-7.749493
-7.978004
-7.896665
-7.681118
-7.941274
-7.737134
-7.972250
-7.283954
-7.452875
-7.348462
-7.989436
-8.005377
-8.518395
-7.409015
-8.038520
-7.879770
-7.620469
-7.703170
-7.944338
-7.319244
-8.265292
-7.590057
-7.932720
-7.762358
-7.948088
-7.999909
-7.945335
-7.400174
-7.692448
-7.486874
-7.815826
-7.621004
-8.044132
-8.561916
-7.715092
-8.174026
-7.168854
-8.048451
-7.954995
-7.946790
-7.746575
-7.365876
-8.024328
-8.121728
-7.782088
-7.640227
-7.502882
-7.622658
-7.659321
-7.039544
-8.502468
-7.859671
-7.888597
-7.458161
-7.926928
-8.081036
-7.923013
-7.453810
-7.661927
-7.586436
-7.794309
-7.798616
-7.783551
-7.855111
-7.603314
-7.316599
-7.792550
-8.137714
-8.257082
-7.535261
-7.016254
-7.550447
-7.865053
-7.718264
-7.934930
-8.020055
-7.449658
-7.322284
-7.815827
-7.205992
-7.569023
-7.887339
-7.895179
-7.476308
-7.935557
-7.714864
-1.797689
-7.573693
-7.712861
-7.598448
-7.176838
-7.507535
-8.356015
-8.102040
-8.134729
-7.592014
-7.401389
-8.045726
-7.540390
-8.284930
-8.029327
-8.015944
-7.915177
-7.920838
-7.679470
-8.004488
-7.742328
-8.046471
-7.842157
-7.866279
-7.808361
-7.152714
-8.103018
-7.689619
-7.886539
-8.475339
-7.868697
-7.946458
-7.625658
-7.773053
-7.585927
-8.477034
-7.744008
-8.370272
-7.898648
-7.551929
-7.367625
-7.554794
-7.920526
-8.207479
-8.081816
-8.022176
-8.048352
-7.613880
-8.101044
-7.961382
-7.589896
-8.085262
-7.977667
-7.802888
-8.022374
-7.528748
-7.748951
-7.654386
-7.574763
-7.877553
-8.026173
-7.285135
-7.428231
-8.093898
-7.809931
-7.635721
-7.903824
-7.285403
0.454130
-8.234419
-7.055451
-8.078744
-7.532388
-3.150129
-7.884794
-4.259463
-7.981709
-3.200592
-4.592045
-8.380418
-8.248313
-7.689200
-7.344261
-8.248357
-7.721076
-6.924793
-7.516442
-7.989477
-7.580188
-8.301280
-7.752759
-7.554568
-1.424046
-2.967023
-7.855429
-1.371637
-0.197452
-7.264136
-7.853212
-7.210406
-8.223308
-8.090212
-7.652611
-8.003529
-7.757855
-7.511307
-7.386903
-7.105243
-7.517685
-7.915617
-7.976750
-7.749140
-8.011930
-7.550647
-1.285807
-7.145797
-0.768729
-7.990706
-3.976035
-7.958244
-7.435041
-1.051628
-7.547857
-0.988607
-8.025897
-7.692075
-7.861507
-8.037879
-0.852308
-7.726673
-8.036231
-0.976740
-7.585268
-7.827889
-7.915583
-7.605013
-8.576148
-7.544266
-8.241944
-7.580634
-7.743090
-8.304353
-2.439260
-7.993917
-4.502007
-1.853074
-7.375459
-3.022718
-2.978519
-3.034235
-3.143974
-3.192010
-3.266733
-3.063817
-3.124535
-3.014935
-3.441396
-3.162551
-2.945073
-3.100497
-2.912743
-2.810679
-2.771557
-3.340513
-3.211697
-3.331150
-3.281829
-2.899952
-3.134011
-3.116058
-3.184094
-3.220473
-2.597349
-2.962475
-3.191841
-3.182279
-3.004271
-2.872180
-3.053954
-3.266687
-3.056756
-3.026472
-3.300813
-3.003461
-2.299916
-2.880981
-3.305676
-3.028904
-3.110993
-2.771481
-3.321374
-2.918038
-3.388776
-3.095279
-3.232276
-3.000234
-2.856194
-3.225774
-2.623014
-3.101050
-3.214965
-3.043616
-2.727493
-3.124945
-3.057118
-3.037530
-2.955240
-3.167408
-2.833579
-2.735326
-3.268395
-2.768817
-2.499364
-3.111821
-3.155852
-3.097884
-3.079754
-2.738355
-7.707473
-8.033946
-7.609057
-8.363100
-7.782592
-7.375227
-8.022671
-8.317740
-7.805836
-7.693108
-8.028105
-8.244007
-7.777827
-7.553307
-7.917640
-7.560102
-7.541581
-8.144839
-7.941786
-8.389452
-8.239120
-7.534646
-8.165255
-7.926825
-7.491974
-7.698800
-7.318952
-8.534784
-7.716574
-7.125144
-8.256594
-7.766931
-8.037924
-7.481239
-7.182565
-7.852955
-7.952955
-7.473790
-7.532184
-8.218198
-8.139107
-8.067681
-8.256968
-7.816712
-7.758257
-7.748182
-7.938816
-7.298810
-7.497272
-6.628222
-8.303685
-7.715362
-7.842656
-7.887259
-7.438371
-7.717412
-7.977655
-7.883341
-7.510949
-7.891522
-8.400943
-7.924608
-7.917363
-7.724825
-8.493066
-7.533031
-7.581407
-7.900131
-7.856491
-8.070746
-7.816517
-7.538441
-7.381702
-7.257174
-8.111519
-7.822695
-7.678952
-7.609027
-7.769670
-7.866675
-7.896329
-7.606353
-7.684921
-8.258431
-7.691654
-7.745777
-7.104568
-7.296744
-8.014029
-7.452908
-8.223721
-7.529539
-7.570661
-8.188952
-7.438443
-8.363925
-8.116230
-7.950174
-8.254697
-7.853642
-8.450072
-7.392658
-7.414717
-7.521897
-7.465889
-7.827871
-8.040903
-7.314159
-7.816224
-7.970870
-8.380655
-7.921745
-7.672148
-7.398314
-7.855147
-8.229794
-7.759284
-7.207633
-8.494675
-7.579505
-7.433115
-7.681427
-7.864019
-6.835705
-7.698368
-8.243035
-7.550819
-7.802100
-7.830461
-8.196462
-7.928252
-7.516826
-8.754577
-8.375051
-7.997065
-7.445230
-7.611914
-8.131296
-7.546490
-7.157590
-8.437903
-7.521176
-8.069743
-7.912967
-7.867416
-8.053745
-7.417481
-8.221860
-7.839541
-7.789504
-7.807281
-8.184687
-8.315461
-8.221087
-7.805724
-7.966058
-7.608678
-7.455601
-8.193807
-8.112394
-7.761783
-7.909333
-7.405304
-7.462910
-7.603609
-7.702033
-7.860211
-8.198224
-8.169024
-8.477607
-7.576547
-8.104936
-7.553805
-8.070097
-8.204763
-7.972611
-7.655278
-7.866671
-7.766056
-7.435962
-8.695645
-7.974900
-8.337118
-8.094702
-7.323666
-8.371094
-7.720216
-7.931315
-7.362830
-7.831669
-7.656466
-7.996370
-7.820128
-7.657600
-7.380105
-7.814600
-8.328848
-7.634918
-7.829497
-7.542600
-8.566845
-8.458475
-8.177855
-7.159760
-8.185909
-7.830445
-7.331591
-7.683715
-7.642264
-7.848054
-7.322798
-7.532760
-7.939252
-7.758533
-7.613283
-7.449198
-7.978948
-7.680512
-7.896629
-7.790453
-7.905268
-7.204367
-8.192677
-8.268312
-8.110827
-7.317101
-7.893861
-7.755076
-8.041494
-7.598747
-7.824328
-7.876807
-7.609810
-7.604046
-7.823055
-7.476179
-8.116774
-8.250907
-7.441085
-7.957195
-8.158505
-7.837132
-7.567993
-7.991714
-7.618417
-7.587145
-6.683669
-8.434320
-8.121348
-7.805840
-8.307046
-7.685494
-8.170526
-7.901730
-7.693940
-8.054704
-7.495770
-7.820297
-7.931350
-7.515372
-7.736911
-8.040554
-7.588480
-8.248461
-7.962567
-8.204670
-7.292312
-7.793502
-8.167051
-7.817300
-7.630728
-7.788859
-7.794580
-7.411627
-7.740116
-7.923310
-7.845157
-7.679461
-7.872698
-8.015438
-7.593433
-7.980126
-8.287619
-7.337120
-7.722087
-8.084340
-7.192730
-8.093829
-8.196563
-8.092060
-7.608785
-7.468365
-7.927391
-8.029029
-8.032793
-8.220696
-7.991616
-8.120493
-7.503428
-7.815468
-8.084034
-7.929313
-8.027347
-8.121519
-8.171190
-8.140718
-7.727984
-7.285464
-7.463659
-8.054773
-7.894602
-8.186477
-7.913470
-8.039230
-8.609346
-7.011534
-7.610800
-7.415009
-7.504517
-7.996383
-7.611105
-8.663456
-7.669046
-8.168012
-7.492285
-7.842335
-7.770566
-7.490392
-7.190822
-8.052983
-7.403586
-8.141626
-7.530405
-8.255881
-7.760556
-7.765039
-7.852296
-7.644908
-7.437266
-7.842058
-7.644208
-7.878525
-7.742230
-8.015038
-7.764466
-7.740158
-7.797533
-8.387527
-7.355584
-7.799951
-8.193297
-7.944547
-8.274210
-7.550537
-7.752695
-8.656471
-7.632683
-7.971323
-8.015033
-7.292490
-7.516963
-6.856106
-8.203179
-8.721066
-7.396683
-7.937318
-7.858636
-7.300858
-7.678053
-8.676919
-7.955789
-7.779757
-7.417905
-7.627035
-7.787186
-7.799034
-7.714746
-8.079456
-8.069360
-7.666960
-8.331594
-7.622551
-8.105371
-7.637295
-7.751936
-8.352008
-7.851638
-8.258537
-7.372500
-7.629404
-7.840656
-8.354691
-7.453547
-7.933852
-7.430981
-7.574005
-7.452371
-8.136909
-8.087633
-8.233388
-7.663310
-7.549030
-7.713199
-8.100990
-7.659057
-7.857829
-8.338775
-8.266473
-7.962050
-8.165636
-7.740628
-7.596008
-6.984871
-7.877632
-7.697523
-7.891456
-7.948863
-7.492620
-7.292236
-7.663962
-7.729199
-7.720621
-7.625703
-7.398621
-7.886693
-8.129195
-7.813121
-7.631620
-8.263135
-7.744956
-7.901449
-7.825984
-7.819749
-8.069393
-7.418335
-7.702622
-7.890665
-7.954448
-8.160266
-7.656001
-7.375280
-7.856574
-7.904058
-7.744931
-7.446224
-8.064322
-7.476804
-7.272120
-7.994819
-7.759000
-8.320565
-7.749571
-7.861964
-7.782227
-7.570718
-7.811751
-8.692394
-7.760091
-7.630854
-8.280328
-7.674561
-7.730195
-8.051555
-7.135144
-7.855824
-8.123227
-7.652223
-7.611088
-7.885621
-8.011769
-7.938853
-7.930212
-7.526950
-7.476552
-7.628564
-7.703463
-7.725947
-7.792464
-7.500825
-7.287598
-7.301733
-7.157921
-7.986588
-7.767665
-7.583136
-8.036379
-8.132519
-8.041647
-8.132334
-7.590906
-7.472221
-7.801444
-7.883124
-7.744498
-7.391216
-7.252381
-7.323761
-7.301929
-7.712785
-7.896368
-7.777864
-7.845247
-7.595545
-7.660744
-7.895501
-7.969244
-7.787537
-7.949696
-7.860031
-7.365030
-8.065062
-8.045093
-8.101269
-8.066501
-7.727670
-8.383121
-8.330516
-7.933320
-7.509677
-7.606763
-7.467687
-7.809872
-7.925726
-8.133064
-7.191010
-7.754498
-7.985870
-8.245415
-7.641546
-7.594589
-7.651672
-8.308057
-7.599378
-7.650702
-7.535896
-7.697331
-7.446823
-7.842761
-7.895062
-7.649040
-7.679612
-7.191487
-7.790244
-7.585180
-7.950318
-8.159258
-7.574233
-8.025600
-7.588972
-7.853812
-8.221917
-7.864851
-7.888628
-8.315208
-8.129660
-7.960483
-7.402701
-7.223166
-8.051354
-7.119909
-7.993890
-7.564169
-7.899023
-7.557662
-7.557254
-7.546141
-7.671365
-7.831768
-8.202208
-7.733565
-8.353998
-7.643849
-7.947003
-7.775485
-7.793933
-7.786452
-7.103832
-7.827213
-7.710228
-8.330180
-8.107645
-7.418612
-8.391605
-7.588563
-7.686605
-7.838089
-8.423009
-7.407964
-7.855888
-7.132679
-7.119318
-7.726909
-7.882692
-7.260279
-7.379100
-7.819621
-7.904082
-7.676315
-7.961069
-7.628739
-7.651428
-7.869047
-7.460579
-8.036736
-8.002105
-7.423828
-8.151213
-7.895617
-7.360065
-7.946989
-7.518269
-7.948891
-7.672912
-7.323006
-8.155795
-7.697782
-8.009552
-8.254592
-7.427702
-8.150432
-7.846103
-7.175699
-7.500416
-8.078658
-7.554914
-7.214786
-7.571834
-7.755392
-8.639308
-7.517454
-7.812562
-8.342982
-7.702603
-7.749473
-7.800362
-7.779354
-8.066124
-7.349030
-7.790900
-7.917306
-7.667838
-8.331898
-7.992760
-7.385229
-7.823307
-8.073853
-7.953621
-7.636005
-7.993300
-6.958674
-8.619867
-7.317904
-7.666924
-7.711923
-7.546838
-7.663162
-7.311388
-7.197082
-6.865342
-7.839336
-7.514379
-7.788659
-7.720046
-7.576288
-7.800100
-7.473949
-7.776752
-7.609334
-7.532493
-7.711084
-7.903024
-8.340402
-7.162477
-7.808540
-7.960868
-7.706621
-8.067734
-8.079577
-7.787029
-7.567533
-8.213663
-8.009968
-7.804842
-7.856798
-8.034051
-7.524237
-7.646783
-7.967941
-8.322563
-7.171544
-7.199997
-7.782887
-8.045229
-7.847253
-7.830311
-7.952387
-7.843348
-7.124672
-8.333029
-7.819544
-7.630661
-8.214840
-7.743647
-7.651674
-7.854205
-7.609817
-8.297957
-7.466433
-7.848803
-8.225947
-7.490915
-7.497255
-7.733652
-7.428028
-8.412315
-7.678777
-7.923488
-7.440153
-7.954834
-7.545867
-7.711776
-8.189238
-8.027821
-8.179042
-7.335491
-7.719715
-7.964777
-8.423863
-7.947982
-7.980453
-7.579821
-7.462409
-7.679360
-7.546785
-7.619728
-7.659221
-7.828969
-7.737452
-8.357619
-7.489734
-7.852777
-7.719402
-7.984015
-7.613336
-7.449578
-7.996718
-7.591850
-7.688879
-7.575191
-7.181592
-7.796366
-7.684915
-7.687854
-7.245158
-7.890385
-8.030231
-8.248661
-7.760344
-7.797642
-8.167153
-7.891369
-7.950296
-7.305158
-8.037396
-7.538637
-8.410749
-7.658831
-7.950122
-7.881323
-8.142138
-8.186541
-7.191805
-8.632860
-7.821139
-7.814538
-7.550964
-8.791106
-7.687613
-7.932399
-7.639805
-7.877425
-7.323518
-7.210968
-7.864672
-8.422081
-7.832025
-7.448088
-7.533968
-8.563818
-7.409359
-7.871487
-7.577741
-7.442894
-8.138263
-7.224714
-7.976280
-7.848293
-7.982884
-8.304111
-7.754432
-8.012951
-7.790570
-8.472246
-7.569706
-7.633842
-7.862657
-7.634127
-8.084553
-8.274101
-7.668915
-8.261581
-8.077368
-7.427551
-7.974749
-7.854281
-7.285669
-7.628907
-7.218336
-7.489997
-7.783703
-7.689074
-7.771868
-7.944681
-7.539748
-7.795941
-8.031255
-8.103701
-7.770803
-8.129172
-7.763993
-7.401978
-7.481588
-7.910778
-7.484679
-7.342169
-7.782892
-8.189342
-7.520157
-7.431761
-7.154406
-7.839939
-7.800322
-7.471340
-7.756666
-7.841803
-8.105724
-8.017881
-7.628120
-7.429427
-7.401255
-7.664571
-8.207375
-7.893162
-7.671463
-7.637911
-7.826137
-8.683269
-7.946578
-8.066888
-8.019835
-7.750908
-7.625531
-7.777645
-7.528424
-8.139689
-7.428239
-7.350866
-7.284440
-8.114853
-7.856221
-7.305778
-7.893895
-8.159717
-7.682334
-7.955044
-8.015752
-7.811362
-7.493622
-8.635804
-7.808180
-8.130928
-7.859400
-7.229032
-7.711993
-7.971152
-7.681253
-7.840225
-7.607444
-7.456341
-8.019689
-7.893579
-7.945594
-7.651339
-7.535157
-7.804973
-8.073595
-7.189026
-7.480649
-7.634701
-7.786796
-7.737085
-7.638159
-8.262785
-7.716065
-7.715199
-7.831594
-7.389525
-8.326188
-8.199231
-7.727548
-7.443861
-8.273041
-7.651202
-7.924782
-8.020453
-7.686638
-8.252617
-7.582948
-7.255377
-7.702743
-7.683558
-7.907370
-7.829855
-8.019996
-7.680040
-8.224170
-7.494508
-7.969950
-7.879097
-7.972831
-8.052926
-8.279590
-8.205363
-7.668219
-7.666568
-7.018868
-8.316396
-7.895107
-8.244067
-8.148086
-7.785441
-7.875053
-7.676872
-7.897468
-7.930190
-7.981671
-7.352024
-8.003896
-7.678251
-8.048469
-8.192485
-7.762261
-7.262763
-8.170862
-7.511165
-7.868927
-7.619450
-7.668520
-7.706651
-8.282648
-8.108738
-6.961571
-7.781764
-7.656651
-7.773334
-8.152765
-7.577169
-7.899874
-7.662634
-7.709050
-7.593697
-7.269306
-8.015775
-8.033464
-7.886619
-7.441535
-7.637458
-8.353150
-7.572104
-8.817906
-7.333308
-8.163466
-7.786913
-7.443726
-8.548094
-7.714625
-8.105870
-8.140820
-7.660292
-7.213204
-7.246594
-7.780808
-7.976126
-8.004869
-8.183679
-8.276323
-7.645095
-7.483927
-7.499399
-7.631854
-7.597154
-7.918983
-8.435186
-7.674827
-7.679475
-7.553166
-7.551876
-8.008553
-7.416100
-7.800581
-7.880001
-7.551361
-7.674991
-7.910598
-7.495877
-8.203902
-7.628369
-7.893954
-7.790210
-8.056667
-7.799329
-7.808958
-7.457021
-7.619307
-8.065106
-7.839354
-8.302931
-7.685188
-8.252744
-8.219872
-7.372867
-7.704651
-8.559015
-8.598105
-7.969850
-7.548932
-8.315241
-7.777364
-7.828274
-7.415273
-7.334828
-7.888632
-7.867494
-7.958495
-7.403397
-7.652287
-7.577741
-7.548211
-7.727456
-7.490732
-7.533818
-8.103250
-7.454742
-7.882757
-8.019184
-7.400393
-8.268071
-7.935323
-7.912733
-7.928765
-8.176577
-7.918489
-7.673353
-8.052299
-8.036879
-7.078708
-8.334643
-8.063510
-7.288878
-7.539237
-7.593410
-7.600389
-7.580279
-8.267649
-7.478631
-8.158684
-7.800838
-7.300630
-7.810926
-7.716455
-8.279568
-7.731236
-7.993111
-7.651318
-7.647066
-8.250449
-7.684136
-7.467036
-7.710860
-7.553258
-7.493437
-7.764556
-6.841457
-7.711519
-8.430339
-7.528124
-7.797266
-8.189256
-7.682609
-8.324960
-7.642629
-8.329253
-7.089192
-7.311525
-7.435636
-7.960660
-7.593871
-7.887971
-7.879232
-7.804164
-7.549930
-7.899353
-6.928716
-8.022046
-7.640055
-7.632028
-7.870958
-8.072229
-8.091931
-6.989355
-7.610584
-7.966798
-7.884842
-7.692339
-7.868536
-7.741301
-7.756201
-7.822454
-7.438169
-8.082974
-7.347487
-7.900346
-7.929918
-7.895680
-7.656746
-7.952187
-7.843569
-7.711429
-7.543500
-7.703495
-8.212049
-7.851675
-8.405326
-7.112516
-7.217119
-7.228619
-8.409985
-7.659108
-7.879856
-7.881451
-7.858116
-7.672824
-7.844891
-7.492235
-7.277916
-8.020193
-7.986348
-8.161715
-7.765863
-7.776910
-8.144780
-8.384666
-7.866687
-8.664135
-7.887399
-7.720900
-7.827003
-7.448118
-8.052269
-7.775891
-7.476729
-7.161467
-7.321478
-7.454978
-7.739123
-7.739852
-7.930521
-7.732948
-7.927263
-8.092134
-8.344634
-7.390448
-7.874284
-7.937426
-7.813600
-7.742214
-7.771880
-8.204310
-8.038603
-7.566866
-7.629993
-8.154754
-7.399927
-8.333194
-8.039464
-8.237288
-8.014707
-7.642791
-7.834435
-7.760285
-7.896229
-7.958223
-8.064950
-7.422259
-8.016837
-7.721356
-7.787251
-7.491662
-7.531515
-7.969982
-7.464212
-7.928790
-7.843682
-7.405755
-8.215201
-7.641769
-8.386635
-8.305573
-7.766829
-7.719869
-7.968865
-8.164238
-7.634837
-7.380085
-7.896685
-7.853947
-7.723825
-7.170174
-7.843915
-7.805993
-8.466814
-8.054236
-7.930890
-8.642775
-7.853501
-8.322929
-7.902026
-7.824904
-7.606888
-7.759681
-7.989240
-7.728515
-7.596911
-8.144574
-7.025243
-7.830837
-7.819160
-7.547312
-8.095548
-7.923015
-8.216016
-7.889043
-7.443429
-7.507897
-7.238669
-7.721397
-8.603184
-7.597496
-8.346310
-7.522063
-7.759690
-7.731266
-7.459750
-8.162947
-7.839331
-7.935561
-8.073962
-8.230138
-7.561111
-7.923126
-8.056618
-7.747956
-7.830366
-7.694684
-7.717014
-7.518104
-8.060339
-7.260255
-8.078099
-8.181454
-7.712923
-7.939167
-8.414417
-7.803077
-7.926038
-7.931896
-7.703830
-8.285029
-7.748545
-7.683712
-7.997459
-7.874525
-7.863461
-7.604832
-7.971731
-7.714740
-7.624732
-7.647297
-7.709019
-7.716645
-7.646629
-7.114751
-7.614289
-7.891259
-7.885465
-7.830336
-7.850601
-8.326002
-7.563635
-7.200703
-7.901020
-8.248587
-7.787278
-7.785975
-7.753007
-7.711681
-7.899014
-7.891617
-7.733171
-7.460361
-8.387018
-7.874465
-7.937789
-7.691651
-7.969830
-7.912841
-7.247160
-8.186054
-7.425870
-7.946167
-7.753465
-8.220809
-7.835810
-8.140460
-7.548975
-7.671894
-7.371547
-7.855111
-7.485038
-7.421851
-7.732584
-7.787743
-8.345631
-8.079103
-8.092569
-8.517686
-7.483709
-7.705535
-7.758053
-7.559585
-8.539464
-7.847510
-7.732750
-7.817600
-8.247592
-8.014763
-7.799765
-7.819900
-7.999498
-8.362991
-7.824716
-8.166236
-8.221342
-7.307652
-8.301588
-8.278373
-8.003719
-7.187551
-7.716909
-8.352563
-8.206050
-7.761978
-7.533900
-7.779140
-7.698473
-7.837592
-7.697100
-7.457630
-7.321456
-7.966573
-8.043501
-8.076221
-8.071530
-7.849334
-8.647002
-8.013403
-7.789868
-8.069614
-7.487908
-7.895551
-7.372529
-8.070458
-7.512887
-8.553269
-7.908274
-7.620237
-8.011444
-8.893620
-7.927735
-7.942878
-7.718036
-7.402653
-8.072959
-8.091948
-7.134173
-8.451817
-7.932921
-7.519866
-7.732211
-7.715178
-7.885557
-8.045609
-8.015338
-8.094331
-7.413740
-8.275295
-7.362308
-7.875968
-7.913902
-8.382071
-7.439313
-7.393476
-7.634382
-8.078196
-7.814027
-7.562267
-7.609851
-8.099807
-7.846529
-7.774042
-7.813675
-7.896407
-8.042656
-8.127060
-7.725008
-8.173647
-8.081531
-8.447658
-7.702708
-8.515505
-7.319574
-7.773761
-7.549780
-7.532513
-7.669539
-7.509289
-7.772667
-7.316550
-7.463986
-7.954794
-8.060395
-7.607478
-7.430223
-7.324955
-8.465967
-7.592396
-7.769232
-8.782107
-8.133265
-8.213816
-7.174624
-7.499591
-8.167574
-8.119321
-8.422184
-7.756614
-7.804689
-7.238009
-7.231709
-7.714747
-6.997574
-7.481765
-8.381692
-7.627642
-7.748517
-7.784369
-7.594208
-7.356134
-7.835526
-7.671275
-7.899467
-7.242038
-7.587646
-7.513959
-7.995264
-7.619541
-7.699229
-7.542247
-8.232629
-7.961994
-7.791554
-7.456986
-7.625887
-7.738354
-7.153857
-8.063388
-7.956580
-7.821920
-7.411794
-7.817468
-8.015848
-7.596190
-7.806396
-7.523276
-8.010797
-7.663743
-7.712622
-8.083747
-7.435537
-8.275573
-7.883553
-7.853165
-7.818718
-7.844403
-8.069062
-8.122574
-7.768907
-7.540936
-7.924007
-7.855677
-7.841890
-8.348996
-7.609632
-7.762161
-7.660034
-7.752508
-7.168398
-7.828012
-7.871404
-7.494790
-7.829768
-7.499431
-7.573929
-7.885223
-7.891267
-7.309525
-7.906691
-7.551453
-7.788096
-8.777905
-7.500243
-7.859046
-7.585288
-7.989342
-8.047407
-8.091239
-8.009348
-7.911859
-7.364881
-7.991950
-8.637696
-7.725727
-8.034527
-7.957644
-7.498335
-7.502765
-7.828628
-7.995887
-7.714460
-7.977434
-8.055838
-8.348634
-7.772898
-7.305433
-7.291102
-8.062374
-8.073518
-7.510773
-8.207115
-7.945579
-7.454017
-7.721603
-7.663574
-8.090075
-8.492726
-7.886754
-7.990803
-8.275928
-7.787513
-7.719829
-7.458402
-7.496084
-7.664388
-7.718362
-8.019589
-7.837707
-8.263237
-7.373064
-7.413232
-7.839488
-7.791213
-7.601298
-7.835077
-8.015321
-8.269404
-8.069700
-8.163305
-7.447739
-7.822101
-7.943210
-7.698805
-7.782700
-8.041283
-7.744633
-8.057429
-7.736716
-8.169786
-8.034342
-7.958708
-7.636652
-7.624917
-7.439609
-7.667549
-7.984254
-7.459694
-7.896152
-7.727478
-7.602838
-8.070575
-8.300418
-7.840933
-7.523412
-8.212982
-8.317112
-7.487767
-7.764071
-7.628429
-7.586158
-8.214146
-7.349235
-7.673376
-7.706238
-8.094989
-7.745811
-7.695022
-8.281514
-7.707053
-7.777185
-7.987402
-7.929776
-8.047216
-7.967988
-8.156487
-7.741541
-8.022364
-8.110647
-7.291172
-7.687283
-7.750271
-7.764072
-7.296008
-7.542055
-7.417220
-8.049202
-7.638088
-7.724326
-7.733545
-8.072413
-7.832165
-7.334278
-7.330510
-8.160684
-7.451149
-7.874338
-7.747938
-7.750070
-8.448828
-7.957339
-7.515378
-8.167447
-7.602811
-7.928127
-7.995302
-7.266683
-8.562338
-7.966564
-7.828445
-7.957570
-7.330320
-7.951849
-8.009706
-7.248859
-7.787573
-8.072888
-7.197351
-8.324624
-7.502062
-7.879581
-7.857438
-8.015337
-8.078567
-7.765335
-8.263060
-7.916211
-8.210629
-7.729860
-7.791353
-8.335353
-7.322817
-7.843237
-7.815983
-7.971169
-7.746149
-7.308693
-7.781940
-7.957500
-7.974658
-7.915844
-8.063057
-7.875185
-8.092295
-7.814153
-7.486234
-7.792452
-7.816183
-7.704145
-8.094147
-8.239428
-8.113271
-8.123010
-7.353858
-7.506520
-7.905602
-8.295385
-7.572161
-7.817784
-7.688344
-7.583704
-7.434616
-8.071791
-7.229377
-7.345861
-8.191664
-7.302033
-7.783552
-7.419136
-7.406692
-8.077425
-7.805706
-7.440459
-7.847318
-8.007829
-7.672996
-7.519337
-7.811872
-7.949917
-7.464871
-8.447839
-7.655023
-7.148491
-7.858687
-7.981777
-7.498295
-7.834527
-7.282324
-7.612160
-8.544603
-7.414669
-7.890742
-7.681103
-8.016938
-7.482595
-7.997107
-7.886027
-7.766655
-7.793694
-7.463850
-7.532605
-6.927953
-7.709508
-7.239112
-7.918293
-7.694472
-7.715021
-7.613569
-7.647602
-8.014542
-7.931071
-7.387658
-7.915610
-7.773972
-7.591683
-7.334203
-7.471168
-7.357131
-7.756051
-7.979930
-7.922994
-7.945453
-8.116796
-7.599597
-7.498522
-7.919104
-7.763206
-8.223851
-7.435947
-7.908922
-8.074014
-7.574793
-7.603171
-7.738534
-7.795343
-7.309562
-7.378318
-8.183599
-7.771423
-7.990323
-7.317638
-7.830473
-8.069928
-7.797833
-7.294642
-8.102354
-8.128076
-7.915513
-7.883078
-7.882244
-8.482063
-7.970675
-7.752723
-7.628598
-7.853779
-7.620190
-8.131776
-7.586862
-8.549422
-7.280044
-7.427079
-7.223862
-7.324316
-7.876229
-7.874605
-7.766739
-7.434939
-8.125564
-7.635711
-7.222133
-7.392889
-7.538524
-7.740276
-7.924201
-7.837727
-7.819023
-7.403641
-7.857346
-7.783621
-7.548553
-7.512332
-7.396149
-8.154992
-7.338856
-7.291564
-8.078708
-7.888627
-7.869638
-7.243182
-7.436550
-7.689383
-7.761064
-7.709428
-8.232441
-8.248183
-7.806430
-7.896366
-7.667551
-7.791932
-7.413804
-7.945002
-7.973722
-7.947168
-8.000660
-7.961875
-8.483881
-7.922343
-8.471498
-7.746878
-7.454192
-8.051112
-7.957397
-7.726964
-8.346306
-8.093313
-7.736947
-7.627929
-7.469755
-7.712811
-7.862576
-8.069273
-7.668494
-8.148125
-7.727401
-7.949780
-7.714928
-7.690572
-7.601667
-7.806786
-7.936338
-7.232374
-8.220047
-8.236743
-8.320345
-7.402531
-7.655096
-7.751698
-7.728989
-7.409329
-8.213631
-7.460851
-7.279372
-7.845136
-8.281160
-7.505816
-7.024480
-8.099887
-7.240151
-8.568695
-7.445095
-7.969192
-7.633036
-8.153730
-7.770751
-7.675164
-7.577947
-8.164825
-8.049049
-8.216967
-7.659582
-8.403081
-7.787957
-8.132019
-7.487045
-7.669344
-7.544011
-7.906539
-7.484046
-7.925279
-8.710624
-7.672511
-7.595248
-6.876043
-8.412240
-7.996888
-7.997426
-7.751750
-7.306755
-8.000139
-7.692603
-7.899974
-8.005652
-7.637449
-8.354188
-7.419917
-8.107407
-7.639217
-8.101436
-7.943459
-7.996100
-7.688779
-8.022547
-7.937403
-7.567887
-7.900121
-8.129133
-8.021150
-7.620120
-7.714566
-7.571006
-7.558421
-8.032196
-7.930911
-8.136058
-8.304222
-7.407050
-8.984104
-7.585743
-7.964880
-7.804242
-7.960076
-8.649863
-7.827760
-7.801291
-7.602346
-7.943510
-7.579939
-7.821712
-8.067680
-7.612360
-7.698021
-7.928037
-7.972610
-7.406132
-7.943978
-8.167292
-7.641024
-8.120593
-7.745195
-7.749884
-8.326795
-7.640038
-7.284834
-7.940588
-8.321401
-8.156821
-8.067758
-8.372169
-8.071046
-7.648142
-7.715899
-8.380227
-7.554548
-7.732390
-7.900195
-8.025629
-7.541648
-7.203342
-8.080725
-8.537538
-7.724097
-7.580549
-8.244685
-7.475836
-8.088846
-7.925772
-8.239174
-7.759388
-8.011072
-8.149333
-7.701882
-7.427645
-7.626079
-7.177269
-7.985633
-7.931641
-8.174090
-7.684002
-8.152729
-7.912643
-7.923596
-7.282467
-8.248155
-7.883323
-7.408527
-7.890326
-7.912454
-7.808951
-7.467193
-7.656797
-8.156707
-7.975973
-7.791419
-7.872646
-7.621484
-7.453952
-7.694787
-7.986024
-7.917967
-8.073505
-8.225836
-8.153672
-7.918111
-8.206151
-7.642761
-8.892483
-8.508924
-7.710331
-7.848315
-7.890748
-8.345798
-7.834049
-7.774986
-8.184112
-7.466609
-8.503531
-8.303416
-7.552148
-7.390941
-7.465231
-7.364495
-8.349001
-7.669156
-8.452435
-7.577308
-7.898997
-8.324001
-7.881623
-8.177906
-7.648718
-7.536357
-8.197084
-7.458385
-8.422753
-7.669785
-8.533029
-8.006429
-7.973494
-8.063828
-8.541417
-7.827149
-8.148109
-7.771802
-7.463435
-7.557119
-8.095911
-6.987953
-8.383450
-7.850884
-8.018992
-7.281290
-7.636538
-7.612958
-7.569171
-7.386755
-7.619142
-7.868066
-7.999279
-7.945923
-7.518302
-7.768729
-7.929012
-7.283802
-7.428735
-7.909855
-8.193417
-7.775875
-7.366478
-7.553327
-8.165445
-7.813337
-7.979425
-7.918476
-7.712538
-7.660106
-7.616396
-7.976825
-7.920705
-8.337739
-7.190300
-7.202092
-7.794357
-7.812106
-7.866984
-7.550746
-7.534313
-7.644145
-7.989701
-7.105031
-8.346049
-7.517155
-8.011972
-7.382673
-8.324854
-7.653674
-8.203664
-7.539688
-8.048595
-7.850975
-7.373220
-7.655978
-7.569493
-7.386543
-7.751917
-7.457015
-7.785731
-8.590682
-8.301376
-8.175431
-7.825674
-7.529007
-8.294226
-7.595341
-7.657036
-6.764874
-8.060072
-8.339657
-7.828930
-7.629284
-7.331525
-7.427114
-7.401518
-7.766310
-7.453074
-7.527313
-7.686234
-8.290706
-7.413500
-8.064673
-7.786754
-7.738403
-7.761688
-8.068933
-7.377327
-7.715525
-7.718178
-7.901439
-7.926725
-7.375762
-8.005390
-7.516418
-7.809969
-7.406078
-7.794746
-7.738187
-7.930858
-8.009602
-7.840074
-8.053528
-7.727567
-7.443588
-8.419474
-8.284231
-8.088340
-7.877999
-7.978879
-7.447771
-7.703935
-7.780134
-7.966836
-7.848552
-7.974262
-7.809983
-7.351934
-7.926877
-8.114355
-7.440525
-8.091822
-7.786972
-8.271103
-7.741316
-7.516252
-8.217440
-8.176813
-7.888340
-7.792832
-7.786203
-7.438207
-7.850310
-8.319381
-7.601030
-8.319229
-7.907175
-7.575654
-7.312406
-7.258565
-7.756911
-7.728688
-7.577248
-8.116661
-8.020259
-7.748155
-7.841124
-7.922857
-7.569965
-7.658898
-7.768805
-7.714390
-8.419785
-7.725530
-7.512134
-7.790365
-7.939706
-8.005628
-8.046723
-7.477513
-7.766538
-8.117611
-7.713407
-7.804909
-7.479240
-7.964140
-7.778872
-7.756862
-7.370257
-8.187494
-7.371829
-8.193674
-7.233429
-7.387517
-7.587552
-7.741364
-7.431198
-7.450875
-7.580277
-7.215272
-7.360292
-8.228642
-8.409695
-7.513460
-7.448246
-7.834929
-8.000453
-7.515232
-7.839263
-7.506987
-7.472619
-8.262481
-7.342535
-7.211672
-8.055551
-7.607663
-7.766905
-8.634384
-8.372245
-7.238747
-7.816903
-7.552754
-7.998609
-8.155371
-7.614254
-7.878720
-8.065432
-8.257607
-8.239181
-8.349743
-8.083130
-8.702918
-7.244497
-8.191959
-7.471678
-7.651869
-7.788288
-7.694376
-7.785987
-8.177573
-7.739005
-8.265120
-7.754784
-7.858409
-7.218716
-7.748195
-8.598285
-7.652787
-7.624747
-7.710855
-7.352618
-7.575641
-7.659600
-7.938430
-7.723547
-8.234444
-7.762827
-8.116915
-7.980402
-8.478209
-7.810668
-8.104042
-8.397133
-7.575621
-7.943867
-7.314644
-7.809878
-7.802756
-7.881618
-8.229783
-7.901995
-7.560476
-8.124314
-7.842360
-8.040203
-8.250838
-7.861988
-8.136331
-7.878855
-7.828835
-7.736388
-8.277735
-8.119919
-8.470811
-8.045763
-7.251390
-8.083862
-7.781936
-7.725184
-7.540944
-7.395386
-7.809201
-7.711326
-8.733021
-7.830224
-7.639702
-7.850967
-7.348363
-8.062654
-7.478453
-8.083750
-7.314382
-7.841075
-7.311693
-7.930174
-7.931752
-8.061885
-7.413486
-7.957583
-7.578485
-7.509161
-7.587739
-7.401774
-7.865032
-7.510901
-7.771861
-7.759979
-7.533978
-7.589580
-8.176685
-7.670819
-7.826322
-8.102221
-7.897523
-7.933143
-7.605355
-7.616432
-7.926658
-8.187938
-7.924726
-7.557119
-8.427754
-7.823330
-7.593010
-7.591766
-7.974658
-7.890254
-8.711995
-7.881161
-7.360235
-7.621490
-7.549254
-7.736036
-7.899166
-7.592563
-6.852523
-7.367051
-7.703524
-7.938731
-7.778992
-7.930484
-7.157557
-8.162292
-7.846985
-8.227796
-7.790567
-8.233915
-7.626439
-7.300945
-7.972045
-7.990927
-7.554221
-7.990436
-7.447734
-7.717819
-7.876704
-7.638453
-7.551918
-8.182586
-7.205189
-8.048309
-7.817304
-7.671810
-7.846466
-7.698041
-7.605513
-7.330057
-7.879579
-7.560535
-7.539806
-7.851772
-7.754766
-8.102262
-7.865116
-8.247986
-7.724970
-6.887382
-7.304222
-7.746804
-8.018817
-7.857707
-7.629630
-7.919328
-7.609772
-7.624105
-7.732748
-7.801192
-7.453716
-7.543469
-7.927663
-7.437608
-8.382161
-8.383657
-7.422545
-8.012087
-7.630091
-7.270199
-7.867469
-7.915694
-7.766963
-6.891319
-7.879052
-8.197366
-8.076712
-7.944499
-7.840555
-8.200420
-8.113387
-8.163215
-7.739529
-8.027068
-7.825476
-7.701037
-7.810430
-8.312377
-7.425199
-7.707659
-8.071592
-7.647281
-7.684302
-8.400949
-7.634033
-7.940000
-8.070894
-8.227213
-8.007478
-8.127744
-8.022136
-7.940809
-7.863344
-7.718723
-8.102879
-8.196526
-7.523799
-7.740554
-8.091673
-7.676322
-8.249837
-8.414508
-7.832853
-8.126446
-7.601527
-8.113431
-7.709887
-7.804373
-7.540790
-7.933262
-7.996996
-7.628212
-7.702847
-7.300240
-8.420649
-8.447855
-7.801099
-7.938656
-7.707901
-7.626695
-7.677652
-8.132724
-7.480645
-7.764734
-8.226807
-7.665637
-7.935259
-7.901472
-8.011663
-8.168454
-7.915048
-8.065911
-7.585292
-8.191269
-7.749232
-8.589591
-7.489854
-7.918681
-7.922755
-7.217304
-7.400130
-7.158636
-7.140488
-7.911091
-8.059217
-7.725477
-8.126205
-7.423815
-7.807548
-7.422993
-7.266499
-7.435472
-7.834117
-8.059779
-7.835765
-7.598839
-7.974514
-7.708926
-7.303945
-7.790511
-7.569932
-7.463084
-7.892029
-7.630531
-7.843476
-8.016244
-8.108841
-8.008418
-8.369255
-7.280045
-7.434278
-7.276752
-8.099243
-7.163059
-7.445564
-8.008122
-7.468002
-7.734614
-7.294581
-7.822564
-7.964343
-8.649358
-8.009206
-7.136626
-7.871181
-7.694346
-8.003712
-7.639724
-7.759281
-7.806837
-8.214558
-6.951223
-8.077912
-7.849370
-7.899666
-7.737387
-7.705846
-7.672022
-8.588436
-7.542168
-8.484433
-7.929679
-8.028892
-7.617289
-7.986154
-8.380671
-7.563027
-8.117206
-8.142951
-7.553386
-7.819374
-7.557235
-7.926311
-8.079206
-7.875026
-8.161150
-8.190475
-8.322221
-6.979449
-7.542089
-8.122172
-8.314261
-8.083813
-7.934867
-7.728978
-8.103464
-8.076045
-7.441319
-8.442485
-7.464513
-7.867193
-7.592224
-7.272798
-8.202745
-8.074213
-8.125237
-8.187000
-7.471401
-8.008603
-7.424308
-7.836617
-7.357787
-8.445791
-7.588670
-7.903083
-7.704952
-8.643835
-7.911245
-7.641859
-7.869039
-8.003092
-7.805766
-7.573687
-8.202207
-7.795270
-6.983517
-8.026855
-7.465886
-7.520178
-7.772256
-7.202972
-7.307685
-7.262051
-8.127143
-8.142373
-7.750576
-7.965919
-7.531093
-7.325140
-7.858210
-7.612393
-7.906162
-7.265596
-7.871840
-7.715942
-8.116043
-7.938281
-7.807168
-7.626342
-7.443048
-8.297667
-8.024827
-8.476868
-7.447752
-7.351799
-7.572221
-7.999093
-7.186166
-7.639422
-8.116076
-7.945021
-7.962039
-7.965068
-7.908445
-7.948610
-7.867638
-7.374351
-8.106071
-7.774533
-8.202879
-8.533273
-7.840365
-7.460140
-8.013089
-8.533262
-7.288751
-7.243978
-7.854377
-7.838222
-8.351841
-7.615007
-7.547050
-7.737761
-8.118570
-7.529173
-8.250463
-7.755973
-7.868719
-7.746279
-7.114035
-8.415482
-7.788288
-7.772069
-7.643390
-8.058856
-7.718413
-8.334933
-8.176577
-7.794070
-7.903537
-7.884499
-7.557823
-8.016363
-8.063190
-7.890062
-7.514864
-8.009828
-7.835170
-8.235260
-7.790012
-7.495595
-8.063690
-7.676236
-7.700943
-7.478261
-7.738960
-7.932298
-7.489677
-7.940354
-7.928519
-7.633161
-8.152919
-7.123703
-7.770433
-7.825686
-7.700384
-7.894282
-7.531684
-7.628272
-7.611130
-7.664175
-6.716472
-8.325673
-8.058113
-7.941073
-7.402927
-7.512090
-7.816917
-8.006865
-7.533368
-7.672337
-7.674922
-7.762984
-6.707917
-7.797008
-7.646788
-8.140729
-7.991001
-7.496129
-7.679285
-7.220418
-8.214498
-8.431001
-7.827621
-7.719833
-7.769764
-8.190947
-7.971807
-7.531485
-7.974621
-7.900884
-7.531691
-8.064587
-8.007434
-8.509538
-8.251417
-7.293105
-7.742885
-7.681887
-7.697794
-7.872126
-8.229464
-7.426462
-7.698721
-8.009513
-7.665370
-7.527630
-7.379488
-7.602389
-7.766493
-7.906123
-7.745847
-7.840680
-8.065791
-7.813771
-7.839622
-8.267924
-7.826021
-7.660306
-7.936295
-7.604393
-8.401463
-8.012442
-8.077375
-7.653461
-7.808789
-7.913385
-7.531011
-8.370913
-7.890197
-7.793155
-7.689551
-8.035205
-7.612946
-7.352813
-7.742278
-7.848799
-8.074673
-7.899999
-7.506441
-7.432051
-7.617090
-7.589925
-7.768290
-8.508027
-7.613242
-7.517806
-7.615036
-7.525031
-7.693904
-7.882500
-7.108733
-7.686664
-7.558191
-7.829801
-7.957446
-8.129766
-7.563342
-8.222639
-8.103086
-7.781161
-8.278631
-8.083456
-7.419633
-8.062593
-7.716036
-7.543476
-7.645716
-7.597874
-7.542669
-7.616086
-7.525476
-7.940741
-7.559117
-7.956390
-7.760289
-8.290164
-8.149401
-8.155330
-7.042593
-8.397968
-7.568806
-7.989424
-7.776325
-7.899261
-7.714568
-7.692439
-7.628180
-7.784935
-7.767891
-7.322726
-7.692814
-7.465524
-8.255836
-8.293132
-8.322162
-7.910623
-7.994596
-7.660646
-7.501495
-7.403181
-8.350986
-8.696805
-7.704323
-8.290128
-7.584865
-7.650465
-7.685679
-7.628365
-7.207459
-8.352095
-7.231111
-7.424852
-7.695046
-7.821404
-7.439299
-7.989880
-7.793070
-7.532496
-7.500501
-7.893786
-7.959495
-7.809532
-7.511589
-7.888047
-8.052053
-7.926699
-7.819636
-8.574697
-7.824629
-8.009387
-7.836350
-7.631732
-7.642236
-7.317248
-7.896845
-7.782501
-7.731051
-8.042781
-7.704157
-7.537652
-7.603287
-7.543905
-7.793249
-8.249376
-8.180432
-7.908777
-8.176004
-7.843585
-8.129286
-7.510414
-8.119542
-7.932716
-7.995652
-8.267150
-7.737970
-7.937838
-7.738252
-7.492037
-7.725581
-7.671523
-7.359725
-7.323096
-8.541389
-7.633965
-7.636174
-8.019937
-7.549646
-8.234715
-8.446075
-7.936418
-7.329980
-8.109677
-7.524613
-8.385710
-7.988983
-7.432124
-7.411965
-7.263801
-7.555222
-7.793164
-7.891691
-7.421428
-7.664049
-7.757318
-8.366432
-7.515526
-7.406638
-7.526758
-7.394359
-7.638182
-7.879096
-7.699413
-8.293870
-6.918617
-7.044355
-8.070618
-8.173446
-7.405544
-7.307579
-7.401016
-7.788479
-8.311560
-7.741043
-7.894833
-8.033159
-7.891391
-7.946830
-7.874864
-8.186870
-7.465685
-7.817865
-7.717155
-7.846073
-7.900137
-8.320609
-6.976384
-7.140741
-8.220178
-7.214430
-8.027171
-8.376410
-7.674117
-8.190576
-7.662157
-7.734358
-7.445565
-7.262583
-8.189407
-7.945612
-7.223907
-7.558491
-7.514104
-8.443712
-7.687270
-7.887880
-8.157851
-7.905698
-7.531366
-8.479502
-7.892769
-7.475031
-8.009272
-7.663448
-7.564240
-7.477894
-7.506615
-8.209627
-7.673453
-7.781119
-7.766224
-7.780272
-8.040706
-7.469789
-7.730222
-7.909227
-7.649783
-7.653878
-7.727655
-7.507780
-8.175355
-8.688057
-7.903562
-7.934210
-7.634235
-8.365221
-7.776703
-7.808648
-7.881217
-7.429933
-8.170658
-7.897090
-8.045167
-7.722177
-7.615477
-7.340951
-7.788224
-7.849323
-7.993401
-8.127117
-8.375147
-7.683532
-7.546470
-8.005864
-7.423114
-7.610074
-7.935421
-7.742494
-7.905056
-7.893614
-7.841536
-7.606229
-8.301421
-8.230670
-7.837780
-7.848255
-8.287190
-7.719055
-7.795224
-7.199565
-7.901568
-7.622837
-7.892003
-7.991129
-7.544858
-7.491272
-8.458632
-7.881678
-7.863587
-7.846197
-7.592388
-7.718699
-8.159399
-7.953377
-8.095057
-7.388433
-8.039785
-7.311563
-8.451750
-8.091070
-8.037828
-7.572239
-7.826911
-7.421161
-8.196066
-8.649562
-8.191163
-7.859651
-8.120946
-7.837282
-7.669249
-7.324298
-7.382039
-7.979226
-7.418685
-7.735022
-7.874135
-7.334733
-7.945256
-7.797799
-7.914526
-7.538592
-8.363352
-7.747717
-7.915889
-7.941998
-8.128524
-7.877751
-7.431498
-7.875960
-7.991911
-7.551813
-7.403570
-7.441871
-7.461659
-7.821197
-7.941605
-7.383292
-7.708913
-7.866532
-7.483644
-7.182745
-8.115220
-8.836949
-7.687975
-7.818404
-7.801280
-8.169102
-7.327813
-7.965369
-7.999644
-7.757072
-7.837981
-7.511626
-7.899159
-7.958064
-7.961938
-7.681277
-7.547425
-8.332327
-8.219173
-8.315122
-7.677869
-8.234911
-7.874059
-7.686487
-8.142489
-7.571063
-7.819259
-7.488860
-7.531995
-7.296819
-7.667060
-8.065692
-7.999245
-8.149064
-7.121820
-8.111617
-7.559888
-7.669336
-7.526097
-7.921262
-7.560288
-7.413366
-8.258079
-7.744905
-7.764257
-8.314464
-7.503684
-7.363683
-7.410780
-8.107774
-8.004317
-8.527362
-8.016124
-7.529919
-8.456678
-7.669502
-7.593719
-7.829111
-7.929559
-7.714624
-7.882864
-7.666586
-7.691441
-8.056108
-7.029963
-8.488011
-7.581799
-7.155224
-8.099544
-8.259279
-8.046952
-7.911923
-7.783034
-7.944764
-7.861908
-8.232997
-8.131611
-7.684040
-8.023060
-8.163645
-8.171300
-8.003647
-8.468672
-7.728694
-7.586617
-7.892206
-8.121294
-7.834794
-7.675905
-7.689249
-8.059903
-8.146637
-8.065570
-8.065865
-7.956789
-7.360334
-8.051522
-7.736979
-7.948064
-7.739384
-7.115436
-7.859500
-8.125537
-7.995624
-7.948275
-7.237566
-8.180669
-8.062962
-7.521642
-7.672879
-8.014260
-8.096215
-7.994022
-7.314649
-7.863609
-8.056293
-7.361577
-7.478630
-8.311417
-7.659148
-7.963222
-7.545217
-7.648348
-8.242666
-8.246406
-7.757809
-8.816991
-8.154248
-8.133456
-8.032197
-7.968926
-7.917918
-7.297744
-7.409915
-8.185027
-8.557404
-8.156141
-7.743986
-8.017918
-7.871517
-7.284642
-7.575092
-8.103275
-7.566615
-8.154760
-8.393689
-7.308102
-7.570653
-7.416360
-8.211078
-7.989342
-8.000423
-7.779120
-7.486538
-8.355519
-8.144462
-7.662735
-7.607248
-8.399367
-7.843768
-7.455527
-7.699186
-8.210187
-7.792891
-8.219886
-7.725043
-8.161622
-8.364498
-8.376885
-7.152108
-7.762940
-7.891815
-7.495586
-7.802307
-8.139025
-7.869274
-8.321730
-8.049973
-8.105328
-8.214112
-8.060925
-8.037781
-7.449489
-7.237922
-7.338964
-7.589462
-7.586591
-7.790194
-8.006823
-7.832794
-7.835720
-7.859023
-7.407527
-7.699085
-7.736349
-7.776821
-7.596359
-7.957871
-7.723188
-8.049767
-7.754685
-8.358876
-8.248668
-7.411493
-8.565868
-8.057232
-7.318742
-7.730775
-7.521678
-7.918781
-8.239848
-7.884513
-7.511059
-7.675601
-7.983068
-8.043166
-7.786491
-7.775343
-8.042819
-8.232488
-7.999359
-7.747065
-7.676651
-7.731549
-7.019179
-8.677331
-8.471765
-7.676926
-8.122020
-7.819786
-8.257261
-7.554199
-7.615283
-7.548882
-7.800746
-7.927758
-8.329195
-7.790131
-8.460469
-7.497756
-7.550111
-7.496890
-7.994782
-7.628511
-8.023413
-7.989603
-8.339434
-8.308733
-7.681130
-8.368560
-8.141220
-8.169824
-8.008434
-8.057037
-7.624115
-8.404003
-7.810089
-7.628798
-7.576969
-7.959493
-7.787060
-7.995280
-7.639195
-8.025380
-7.781540
-7.202606
-8.074967
-7.864576
-7.803587
-7.615906
-8.186036
-7.757160
-7.784279
-7.762739
-7.794781
-8.281986
-7.766684
-7.777112
-7.603990
-7.926114
-7.524392
-8.430598
-8.124166
-7.718122
-8.196967
-7.536593
-7.798903
-7.683136
-7.942636
-6.894207
-8.094983
-7.752914
-7.980232
-7.566912
-7.691662
-7.688801
-7.769892
-7.126329
-7.669132
-8.447577
-8.013221
-7.385161
-7.643067
-8.057880
-7.885773
-8.450153
-7.427985
-7.804406
-7.666410
-7.404860
-7.739525
-8.118037
-7.555506
-8.081373
-7.683928
-7.911561
-7.764978
-7.931976
-7.090947
-8.672259
-7.769023
-8.146488
-7.654683
-7.653735
-7.539916
-8.154875
-8.095492
-8.135656
-7.999736
-7.984327
-7.978856
-7.829300
-7.741752
-7.882659
-8.245085
-7.638788
-7.999757
-7.828176
-7.530597
-6.873248
-8.174625
-8.151034
-7.948255
-7.223441
-8.189743
-7.798927
-7.763435
-7.634375
-7.560279
-7.869811
-8.220462
-6.950390
-7.954655
-8.036520
-7.768100
-7.782804
-8.036654
-7.889632
-8.200504
-7.780770
-7.630777
-7.717350
-7.437219
-6.975839
-8.220051
-7.685495
-7.956604
-7.997152
-8.225172
-7.881801
-7.831408
-8.219065
-7.864409
-7.463386
-7.698770
-8.090331
-7.805488
-8.028496
-7.627528
-7.577749
-7.817150
-7.379097
-8.578369
-7.898085
-7.873899
-7.759028
-7.664612
-8.198655
-7.896490
-7.545061
-7.736557
-7.928301
-8.168965
-7.771800
-7.420313
-7.856254
-7.684478
-7.910318
-8.271935
-7.463808
-7.288935
-7.323167
-8.197995
-7.653701
-7.969821
-7.738372
-6.896467
-7.384050
-7.735185
-7.764775
-8.721943
-8.014525
-7.846068
-8.021816
-7.537736
-8.243220
-7.836563
-7.670368
-8.033588
-7.834028
-7.797411
-7.743774
-8.095690
-7.360217
-7.934231
-7.955650
-8.093922
-7.721602
-8.102130
-7.647020
-7.959022
-8.012807
-7.490118
-7.895829
-8.053396
-7.322787
-8.109006
-8.305164
-7.358371
-7.714756
-7.501147
-7.781752
-7.985398
-7.243293
-7.682097
-8.120910
-8.395360
-8.369390
-7.712647
-7.514718
-8.068048
-7.361656
-7.676847
-8.077315
-7.584469
-8.104836
-7.761100
-7.487213
-7.957162
-7.909350
-8.219644
-7.400595
-8.516739
-7.363994
-7.894694
-7.697891
-7.981500
-8.296741
-7.693467
-7.665762
-8.410105
-7.557310
-7.745922
-7.311961
-7.776702
-7.519290
-8.226652
-7.389037
-7.673259
-7.941204
-7.992636
-7.305850
-7.767152
-7.717638
-7.545544
-7.585060
-8.242968
