8
1 500 1000 200 42 777 13 99
-1.528630
7.155608
5.136831
-1.531647
-3.211000
-2.042570
-3.926327
3.779185
-3.031057
-3.261398
-3.204539
-2.640588
6.071293
2.998298
3.936825
-2.921860
-2.010931
-2.198252
-2.785323
-2.815501
-2.486735
-4.790409
-3.486012
-3.630435
-3.905484
-3.666613
2.561009
1.984276
-2.040567
-1.912027
-2.350123
1.136158
-1.368248
-2.813159
-1.766271
-1.446539
-2.984598
-4.755959
-1.499409
-0.875132
-2.252122
-2.310216
-0.216499
-0.860346
-2.348608
-0.765064
-3.004486
-2.319090
-2.809951
-4.665971
-1.603416
-1.533966
-2.144736
-4.521954
-3.348298
-1.211044
-4.597142
-3.940446
-2.958064
-1.979962
-2.613132
-2.426569
-2.380694
-2.505770
-2.195042
-1.551295
-2.612374
-2.230255
1.353175
-2.352140
-1.524255
0.646699
-1.610972
-0.875058
-1.331964
-2.007193
-1.669646
-1.480389
-0.532514
-2.706337
-3.444251
-3.004365
0.469418
4.468647
-2.338722
-5.397468
-2.439627
-2.919276
-3.898675
1.717602
-1.881440
-1.952530
-1.457942
-2.206400
-1.764184
-1.546251
-1.700922
-2.147406
-2.204926
-2.362253
-4.298389
-1.472041
-2.452790
-2.694370
-2.213494
-1.664506
-1.985004
-1.528723
-2.024711
-2.659808
-2.230817
-2.229023
-2.782483
-1.142992
-2.210670
-2.156096
-2.420002
-1.927979
-2.214423
-1.479564
-1.647157
-2.664910
-2.680215
-2.165746
-2.840236
-1.865159
-1.476740
-3.564246
-3.256167
-1.973659
-2.351812
-2.150582
-2.214903
-1.929206
-1.971141
-2.151959
-2.218670
-2.565784
-1.888200
-1.959798
-1.926752
-2.259081
-1.390453
-2.153339
-1.527752
-2.427749
-1.709051
-1.460762
-1.597396
-1.920617
-2.603053
-1.977439
-1.981221
-1.929206
-2.613060
-1.982483
-2.151959
-1.993827
-1.973781
-2.388026
-1.856905
-1.355838
-1.763160
-1.476737
-2.172639
-2.220552
-2.161289
-2.247597
-1.451536
-1.934116
-2.229023
-1.371295
-1.979962
-1.975031
-1.712324
-1.537483
-1.576734
-1.661259
-2.167124
-1.528723
-2.594715
-1.993287
-2.369151
-2.282258
-1.990045
-1.982483
-1.908344
-2.143688
-2.224787
-2.156096
-1.927979
-2.259081
-1.948144
-1.476740
-1.916934
-2.221965
-1.448776
-2.613060
-1.785355
-0.478146
-1.937798
-1.993827
-2.439285
-1.488067
-1.824388
-2.165746
-1.988786
-2.659808
-1.978702
-1.997066
-2.203612
-2.022656
-1.974921
-2.182285
-1.837309
-1.766325
-1.758673
-2.608057
-1.498180
-1.919389
-2.111240
0.254393
-1.713416
-2.068692
-1.987524
-1.829619
-1.769896
-1.480502
-1.938280
-1.967359
-2.196555
-2.216317
-2.372860
-3.985227
-3.438814
-1.540400
-1.992568
-2.338349
-1.519372
-2.197262
-1.817398
-1.985004
-3.443702
-4.513768
-2.158852
-1.364775
-2.145068
-1.840631
-1.985004
-2.160233
-1.526777
-2.162986
-2.654706
-1.764284
-1.530671
-2.129833
-1.678541
-0.278030
1.647709
2.813487
1.472285
-4.469903
2.528375
2.323748
2.051761
6.145312
5.019521
0.062985
-1.315145
-0.950188
-2.815248
-1.205507
0.377780
-1.754841
-0.564114
-0.095395
0.700549
-0.390269
3.112820
0.072669
-0.436496
-0.524172
3.213629
-2.208004
1.873393
-1.003548
-4.381339
-3.021131
-1.490591
0.780107
-1.857282
0.263336
-2.246869
-3.546743
-2.725286
-0.513751
-0.426972
-1.174605
0.539607
-3.695002
-3.685692
-6.352685
-1.425672
-2.639947
2.626034
-1.525326
-3.670479
0.286365
-0.136610
2.332040
1.177437
-0.940136
-2.295933
-1.005435
-1.715340
0.910107
-0.326178
2.171683
-2.435637
-0.703442
-1.534148
-3.944778
-4.042472
-2.824525
-1.856852
-2.723357
0.950939
-0.369513
-3.488617
3.142083
-3.656848
-3.537686
-0.817724
1.484949
-0.832287
1.376011
-0.315962
1.770916
0.950005
-2.344717
-2.631945
-4.932127
-1.045955
-0.312697
3.126478
-3.371869
0.103889
0.237413
2.067719
-3.930073
-1.273415
3.420641
-1.079629
-4.090870
3.151427
-2.626966
-3.539190
-3.583633
-4.088273
1.820162
0.170328
1.202971
-0.618230
-3.957440
1.050183
-1.288621
1.482273
-4.757997
0.276588
-0.660818
4.291295
1.659866
-3.429121
-2.011663
1.120729
-2.955498
-0.411197
-3.827884
-2.591381
-1.648467
-2.206436
-1.903577
-1.298111
-3.193443
-0.294778
0.675604
-0.223862
-2.517079
-2.960824
-1.210217
-2.751281
2.398605
-1.746349
-3.082932
-2.455099
0.389546
3.010801
-2.806021
-4.476335
-3.444793
-3.046378
-1.251434
0.603897
0.386122
0.234188
-1.879094
1.795230
-2.844451
-4.987121
-3.940117
-0.270379
-0.982314
1.883132
3.157878
-2.095703
-1.637576
2.312477
-1.630960
-3.168157
0.616063
1.447451
-0.136760
1.761001
-3.044055
-0.565803
-1.151609
4.963789
-1.004347
-0.135530
-1.887149
-3.077471
-1.005327
-2.880570
-2.618402
0.091414
-2.235878
2.166000
-3.438342
9.013116
-1.120049
-0.800779
1.711425
1.830457
3.475617
1.339278
-1.970677
-4.664226
-0.269962
-1.003522
-1.313552
-0.115420
-3.927766
-2.103681
0.456108
0.891444
1.403557
-1.272206
-0.021951
-4.190983
-2.266884
-1.402246
-4.821752
0.250200
-2.449282
1.441128
0.357649
-3.067249
-2.842695
-3.916889
-2.518696
1.834241
0.202612
0.953808
-2.763926
-2.857367
0.215551
-3.198060
-0.775981
-1.974927
0.463366
0.893350
-1.717253
-0.819254
2.206088
-0.033288
1.454297
-3.159997
0.791420
-4.157772
-4.044420
-2.053487
2.277981
-5.097984
-1.084490
2.089187
-1.247217
-2.475403
-4.872095
-1.722934
-1.841688
-2.104960
-0.342920
-0.715867
2.059762
-0.187454
3.254679
-3.116122
-0.564753
-2.479391
0.628466
-2.909523
0.019121
-0.462797
-1.661603
0.017378
-0.803855
-1.632676
0.835841
-1.485151
-1.795294
-2.682825
-2.979621
-4.507937
1.599026
0.218761
-0.970432
-2.125046
-2.167247
-4.343050
-0.033327
-2.289025
5.189220
-1.083722
-2.025950
-0.215681
-2.307941
-2.207754
-1.766671
-2.171685
-2.511131
-2.462973
-3.077107
-1.065258
0.317038
-4.980932
-0.536225
-2.726860
-0.776935
-1.328860
-3.299641
-5.472365
-3.435277
-0.335453
-5.711570
-3.171292
-4.218387
-5.144190
3.980506
1.263327
-0.386994
0.153747
5.814034
0.790373
-2.299774
-3.194785
0.366237
0.281626
0.719461
-2.425488
0.877295
1.469368
0.040463
-0.729190
-3.193326
-4.663440
-4.328099
-1.442330
-1.291795
-0.780587
1.603593
5.112749
-2.476354
0.392858
-3.238136
1.173170
-1.196455
1.179324
-2.350874
0.091778
1.436437
-2.478461
-2.011865
-3.263674
-1.100664
-1.345051
-3.518626
-0.628421
-2.872816
-0.121874
0.007983
-5.333324
-1.716076
-3.627614
-2.523571
-2.804060
-3.705102
-1.283011
-0.026770
-3.182501
-2.616290
-2.684675
-4.058608
-4.364686
-0.121036
-1.969702
-1.005443
-4.601092
0.462595
-4.192460
0.468224
0.582971
-0.319327
-2.588141
-3.406070
-4.141258
-3.238172
0.244838
-2.159366
-3.190556
-2.398392
-0.074943
-2.225400
-1.551197
1.236552
0.027883
-1.027143
-2.302864
-3.620511
-3.009049
-3.428996
-2.582773
-0.772663
1.186589
0.792008
-4.024756
-0.468134
-0.704866
-0.025136
-4.831809
1.087842
-2.634966
-3.969963
-0.086104
-0.850270
-0.656078
3.244643
-0.625277
-5.410674
-3.653605
-0.265032
-2.758145
-1.030336
-4.256754
4.675655
-2.822191
-4.515903
-0.173428
-3.272096
1.261429
-0.363134
-3.797559
-5.488566
-1.775950
-3.087906
-2.640612
-2.692597
-4.419739
1.984270
-0.252838
0.647534
-4.543567
0.842680
-0.582544
-0.906171
-2.258141
0.736151
-0.461113
-2.846309
-2.001755
-1.690084
-2.465244
-2.092481
-2.208551
0.634347
4.811199
-3.918011
-0.487955
-0.358214
-1.900810
-2.454011
-0.302981
3.304507
-2.464452
-0.616379
-1.594922
-2.636709
-1.960294
-1.918252
-0.071400
-1.607921
-2.731772
1.174787
-0.584917
-2.093196
-1.976181
-4.279782
0.203491
-0.702768
-0.805029
-3.002539
-2.377414
-1.387247
-2.652312
-4.555308
-0.501139
-3.240747
-1.392450
-2.882897
0.080538
1.084669
-4.343656
-0.151173
-3.160435
-2.184673
-0.453335
-0.114735
-1.870850
-0.168063
0.557145
1.127128
-0.557442
-2.209308
0.366700
-5.905720
-2.360487
0.559393
-3.658710
-0.657638
-2.618403
-2.749847
0.491505
-6.532392
-0.246938
-2.070468
-0.916181
-3.257846
-1.368742
-5.818975
2.078319
-2.886127
-2.639994
-3.631012
-2.741412
-2.034171
-2.890966
-1.402877
-2.467509
-1.868846
-4.346714
-1.239501
1.550694
-1.704996
-2.689933
-0.144748
1.706218
0.664815
-3.138622
1.909161
-2.259009
1.665723
-3.037393
-0.700251
-2.970136
-2.718513
-0.448108
1.882791
-1.797354
-1.113157
-2.574205
-3.618798
-1.116331
-2.244842
-1.602602
-2.266697
-3.913128
-1.019276
-2.442350
-0.430267
-1.740121
-2.591663
-2.533303
-2.596380
-0.992678
-3.650553
-4.062144
-2.085656
-2.945869
-4.453762
-2.324948
0.117470
-2.447180
-2.104581
-3.678015
0.855281
1.064867
-4.433277
-2.886935
-0.776385
-0.313311
-3.421045
0.540749
5.178027
-4.207172
-2.640456
-1.754678
-2.270782
-3.178763
-0.710725
-2.510996
-2.559362
-3.819281
0.410407
-1.068345
-2.338050
-0.323373
-3.132005
-1.865928
-2.972080
-5.008098
-1.370171
-0.626597
-2.148769
-3.025868
-4.643733
-3.604232
0.123611
-3.811425
0.316026
-0.363879
-2.468166
-0.335170
0.113651
0.075475
0.006512
-2.720060
-1.741993
-5.239268
-2.161405
-3.064763
-2.221927
-4.976679
1.665115
0.265935
-1.809482
-3.969611
1.470345
-4.282110
-1.734310
-4.400362
-0.041645
0.205466
-2.618797
-5.162723
-2.634577
2.555650
0.219372
-3.394077
-1.819608
0.143956
-0.609097
-4.782674
-4.524310
-1.670784
-4.080731
-2.392790
-3.082337
0.219841
0.791844
-3.008484
0.057176
-1.882494
-0.519431
-4.166562
-2.781264
-6.001930
-4.902382
-2.089954
-1.636860
-0.987824
-1.621802
1.825755
-2.332105
-0.432777
-1.691529
4.221816
-0.297133
0.747609
-0.361950
1.011050
-1.057099
-2.549745
-3.850299
-3.920462
-2.143473
2.328656
-1.913069
-1.342172
-1.762267
-0.916234
-2.241416
-2.983243
-0.996042
-3.185943
-3.548234
-2.050093
-3.631941
-3.839070
-5.662847
-2.303751
-0.416991
-0.807986
-3.062185
-2.977782
-1.546947
-2.648220
-1.823330
2.176476
-3.388014
-3.298592
-2.365737
-3.545904
-2.397338
-2.878639
-0.681302
3.149773
0.720293
-5.166924
-1.233029
-3.889632
-0.766050
-3.250684
-0.768226
-0.546295
-2.291427
-5.115942
-1.787750
-2.116259
-2.958624
-1.097475
-3.896934
-2.672321
-2.922973
-4.455118
-2.108589
-2.605831
2.280004
-0.313709
-1.937798
-3.038770
-2.033301
-0.118239
-1.507653
-3.865851
0.765484
4.203053
-2.092578
-3.606344
-4.314372
-1.673613
-3.573160
-0.546184
-4.525855
-4.820518
-1.831872
3.447942
0.705293
-2.133021
-3.082877
-5.407392
-1.199937
-2.104029
0.084022
0.224755
-1.233706
-1.639148
-0.827758
-3.326911
-1.120633
-1.970282
-2.576177
-3.403135
-4.219445
-2.819586
-2.473538
-2.753611
-4.263636
-1.321067
-2.682775
-4.803595
-1.052752
-3.375523
-0.578041
-3.591470
-3.919878
4.277982
0.572125
-5.101581
1.348317
-4.335604
2.501814
0.746361
-3.937225
-3.737723
-0.800903
-2.517209
-3.296426
2.823243
-3.005237
-3.905526
-3.671052
-1.347174
0.538593
-5.211729
-4.104178
-1.926962
-3.699639
-0.730670
-0.632790
-3.827328
-2.354269
-2.212128
-0.589265
-3.722543
-0.852674
-2.142338
0.511083
-5.981462
-2.054564
-3.507293
-0.380543
-1.168432
-2.084810
-3.275838
2.564230
-0.102012
-1.594334
-1.425695
-3.629605
-1.525595
-4.251928
-2.831772
-4.739220
-3.088284
-0.032684
2.151142
-2.949364
-3.534749
-2.626114
-1.892690
-4.270698
-5.100203
1.022404
-2.167048
-1.156516
-2.687234
0.004765
-1.389281
-2.714808
-5.273338
-3.856345
-3.224738
-3.342097
-1.545200
-1.513124
-1.179228
-1.047135
-6.118522
-1.156868
-2.680900
0.837768
-3.212599
-1.742135
-2.267495
-5.581706
-4.245716
-2.094195
-3.191832
-3.759020
0.470894
-5.733544
0.129933
-4.758284
-6.141377
-3.264836
-0.992866
-0.258378
-2.398186
-0.144871
-3.349406
-2.966779
-3.189723
-3.551246
3.095910
1.390470
-2.103533
-2.169081
1.830450
-2.879412
-1.166412
-3.822134
-3.438616
-1.885492
-1.416760
3.458241
-3.959777
-1.038291
-2.852729
-0.281457
-1.833894
-1.901144
-2.832707
-3.614926
-0.327171
2.422029
-3.609313
-2.926106
-7.035236
-0.126729
-2.785112
-0.348300
-4.543324
-2.086534
1.166345
-2.655428
-3.171891
-4.542303
-2.952525
1.145354
0.265751
-4.891186
-2.937495
-0.332596
0.809929
-1.221886
-2.599108
-0.132939
-1.329158
-2.948894
-0.282131
-4.434262
-1.679149
-2.150375
-1.947958
0.540740
-3.081979
-2.789176
-4.112588
1.225021
-0.962601
-4.759227
0.216672
-3.223658
-5.295516
-2.237939
-3.187129
-5.684027
-3.001308
-1.149591
-3.917722
0.627400
-1.035035
-3.902982
-1.400215
-2.304702
-0.088176
-0.277966
-2.209260
-0.420449
-0.174198
-4.585979
-2.150986
-0.849248
0.622067
3.033343
1.512230
-3.281944
0.201332
-1.820002
-3.481723
-3.063625
-2.697364
-4.194430
-2.476900
-1.936571
-5.644765
-0.880781
-3.366653
-2.013829
-3.268066
-0.188361
-4.619934
-1.821719
-2.043735
-1.950674
-2.762558
-0.345611
-2.926639
1.783162
-3.293407
-4.685191
0.507970
-4.466216
-0.127273
0.604120
0.156608
-4.669603
-5.950512
-5.155819
-1.071863
-3.011345
-1.715378
-4.345313
-7.062808
-2.464143
-3.002932
1.031250
-1.265174
-7.091191
-3.099409
-2.549269
-6.081669
-3.177257
-2.542089
-2.270570
-2.630982
-2.572254
-0.849412
-2.359736
-2.457207
-1.099406
-3.590002
-3.517233
-0.441160
-2.051779
-2.509353
-4.777691
-0.558673
-3.054746
-3.230422
-3.899147
-2.525909
-1.294483
-0.977396
-1.931983
-1.381198
2.994629
-3.844641
-1.680510
-2.474219
-2.075606
-2.499937
-3.759979
-0.574897
-1.413310
-3.081502
-2.206591
-3.038764
-2.968526
1.646051
-1.903577
0.007325
0.557549
1.519726
-4.576092
-3.557582
-1.256154
-0.615440
-2.207848
1.631935
-5.066142
-4.708273
-2.213314
-0.359560
4.127096
-3.609311
-3.027870
-4.387431
-1.204532
-5.261353
-1.015768
-3.215957
-4.544998
-2.653342
-2.307752
-1.236290
-0.285761
-2.149176
0.630719
-4.639305
-2.656233
0.712535
-1.376946
-3.415540
-0.251785
-2.981888
-0.135778
0.911382
-2.478414
-2.309115
-4.000192
-2.561357
-2.971989
-1.336366
-0.399544
-1.756409
0.747630
-0.817398
-1.429702
-3.504108
-2.515095
-1.164093
0.525760
-2.498612
-3.514060
-0.877184
-1.459621
-2.138511
-2.740657
-4.281287
-4.533580
-0.012286
-3.772341
-3.235797
-5.979300
3.668512
-3.733834
-0.373402
-3.745610
-1.283272
-0.419538
0.983781
-0.624622
-5.076330
1.833608
-2.802473
-1.513605
-1.218392
-3.862325
-1.719206
-2.578229
-0.319540
-3.182830
-1.787440
-5.412321
-0.246944
-0.818346
-1.682948
-0.348797
-1.728227
-3.644235
-3.221074
-4.923622
0.626996
-2.772384
-1.236598
-1.401506
-4.712240
-2.974978
-3.132507
-2.988584
0.779143
-4.868401
-3.980131
0.695883
-2.883018
-1.022257
-1.251485
-3.697613
-1.437535
-0.787122
-1.063779
-4.800339
-1.882990
-1.664292
-4.277260
-2.056792
0.181950
-4.974323
-3.051018
-3.957467
0.159771
-3.030426
-1.083098
-1.530570
-2.764868
-1.015349
-1.473958
0.173718
-1.961217
-4.239619
-3.334761
-3.309666
-4.339709
-0.685689
-0.945024
-0.144135
-2.959183
0.534835
-0.722951
-2.780278
3.273211
-1.232630
-5.181429
-4.365088
-2.244780
-2.028354
-2.390408
-5.215532
-3.912157
0.203391
-2.007034
-5.838894
-2.605341
-1.202163
-2.350194
6.553590
-4.074751
-1.870493
-1.042185
-2.424142
-1.740847
-3.320287
-1.325710
1.537745
-4.456100
0.201653
-5.069231
0.386681
-4.687977
-1.515044
-1.086486
-3.544669
0.522150
-3.898334
0.407092
-2.885744
-4.873814
-3.122519
-3.599278
-1.165851
2.151423
-1.987392
-2.170506
2.599729
-3.887671
-1.275304
0.296763
-1.395842
-3.525470
-3.017007
-0.930306
-1.270121
-1.912223
3.743359
-2.028312
-3.148910
-1.143574
-3.334744
0.076568
0.458169
-4.732581
-1.277732
-2.916713
-3.951165
-3.785133
-2.798197
-3.114497
-2.943877
-3.579786
-1.379475
-4.782391
-1.577080
-4.857594
-3.205196
-2.574608
-4.370259
-1.604337
-2.895234
-3.019345
-1.107536
-5.110144
-1.160242
-3.909979
-3.468922
0.910222
-2.500639
0.719226
-1.298281
3.188352
1.085917
-3.720264
-3.754112
1.724454
-2.780617
-1.534714
-3.249310
-2.842492
-0.798753
-0.400595
-1.446558
-0.648266
-2.330824
-2.240377
-2.941570
1.241321
-1.581584
-3.405332
-1.135270
-3.495800
-2.414438
-2.861729
-4.061377
-5.447486
-2.471153
-0.244067
-3.372334
-3.528608
-3.146512
-3.511295
0.956062
0.290532
-1.339652
-4.026581
6.976854
-3.740160
-0.637505
-3.027992
-2.338463
-1.229079
-3.500543
0.482934
-3.356288
-1.544538
-1.155706
-2.946534
-2.265979
-6.891222
-1.171075
-4.774434
-1.822884
-2.854906
-0.335304
-5.531124
-1.469036
-3.739266
-4.797140
-1.712267
-6.241518
-3.733175
-3.189630
-3.417422
-3.938913
-3.823125
-1.984749
0.051765
-2.726203
-0.086718
-0.781147
-0.539872
-3.580364
3.100972
0.394526
1.601137
-4.857921
-1.865020
-2.954745
-0.444554
-0.570765
-0.618612
-2.135656
-3.942308
-1.224876
0.623806
-2.714345
-1.562180
-1.726538
-0.875646
2.675806
-2.294538
-0.910016
-4.214077
-4.251769
-0.451167
-1.890028
-4.790903
-2.973380
0.009184
-2.895626
-2.444690
-4.942934
-4.183142
-2.012806
-3.871564
-1.694187
-0.868590
-2.618904
-3.335915
-1.972863
-0.712471
-2.083876
-5.869496
-1.264492
-1.706308
-3.988479
-5.968870
-3.023810
-4.717466
-1.938845
-1.491276
-1.970307
-6.104786
0.536022
-5.844911
-5.293872
-0.598734
-2.140183
-0.050446
-4.041442
-4.302248
1.544071
-0.924297
-3.081317
-0.628887
-2.441880
-2.542550
-2.098455
-4.788178
-2.462691
-2.978457
-0.969543
-4.286967
-1.856563
-3.345013
-3.935729
-3.303239
-1.857772
-4.193166
0.290036
-0.118896
0.291048
0.059287
-2.092451
-2.140382
-0.127348
0.041543
-3.178236
-0.283144
-2.206919
-2.120608
-2.472396
-0.664209
-2.034801
-3.188884
-2.165823
0.604392
-2.191137
-3.493872
-4.208983
-1.267123
-5.054720
-3.126599
-2.269363
-3.900621
-1.342323
-1.419904
-1.820956
1.235916
-1.466050
-2.385998
-5.164684
0.173755
-4.308094
-1.091074
-2.590766
-2.986840
-3.091427
-1.061388
-0.808930
-5.345572
-2.674260
-3.606036
-4.881801
-0.351590
-3.014965
-2.110816
0.346333
-3.748337
0.888752
-3.348341
-2.281915
-3.425757
-1.621883
1.515146
-2.771412
-0.827770
-3.108786
-3.211720
-3.968797
1.137720
-1.415854
-3.974238
-4.268899
-3.182491
0.550028
-1.963677
-1.965670
-0.120919
-4.568537
-1.482294
-5.794897
-3.500142
0.271467
-1.988618
-3.443778
2.718410
-3.712512
-3.063729
-0.133075
-0.870169
-1.864292
-1.817182
-3.929974
-3.213955
-3.104041
-2.395977
-3.949704
-2.159470
-5.026555
-2.939882
-4.207470
-2.280975
-3.300530
-3.544895
-1.710859
-4.569543
-1.051100
-1.356762
-2.124718
1.781171
-1.998206
-3.242729
-2.792542
-2.229522
-1.742763
-0.082435
-3.524819
-1.638858
-1.917281
-2.733673
-0.160146
-1.488533
-3.014780
-3.031314
-1.678685
-1.384585
-1.811191
-1.668773
-3.164543
-4.575228
1.505780
0.865635
-2.706386
-2.395094
2.527087
-1.901430
-2.357138
-1.591056
-6.359010
-1.700154
-3.787639
-0.792345
-1.721380
3.265046
-3.052882
-3.150713
-3.589930
-1.020840
-0.280929
-0.710958
-2.355340
-4.691276
1.356876
-3.142208
-2.360661
-0.839443
-4.464447
0.643827
-2.798683
-1.538110
-0.541239
-4.169081
-3.814934
-0.442176
-3.049049
-2.316911
-1.408898
-4.758872
0.878452
-1.309498
-3.104696
-4.315455
-0.549754
-2.731893
-3.535733
-0.489671
-4.946038
-0.382713
-0.290099
-2.124228
1.212952
-2.105714
-0.762826
0.076222
-2.514805
-1.888405
-1.294264
-0.337745
-4.248330
-0.137635
-3.640007
-3.252083
-4.650608
-0.416393
-6.148203
-4.276556
-1.218531
2.771596
-2.393182
-1.048846
-5.225158
-3.738394
-4.375291
-2.721934
-0.733552
-2.319745
-3.512918
-3.657333
-2.923745
2.317621
-3.363781
-4.080425
-4.018878
-3.619344
-1.968215
-2.122823
-2.862626
-0.354542
-1.096999
-2.040944
-5.722258
-3.823510
-3.004314
-1.779025
-6.095879
-4.326210
-2.338986
-0.999665
-4.464556
-2.482786
-2.466129
-0.920694
0.858389
-2.290046
0.919966
-2.728986
-4.375512
-3.182615
-3.665933
-2.611762
-0.896568
-2.081753
-0.859259
-0.937898
-0.507519
-3.609410
-2.451221
-2.715914
-1.725415
-1.293303
0.416217
-2.197847
-4.445721
-1.285663
-0.444579
-1.224346
-1.870781
-4.249273
-2.121656
-3.786661
-2.279981
0.729986
-3.129089
-2.184446
-3.101596
-2.279706
-0.701358
-3.454791
-2.806317
-5.711372
-4.186068
-4.546091
3.221459
-2.358824
-2.973596
-1.673926
-1.648143
-3.738340
-5.005994
-4.137865
0.666038
-1.921714
-0.982464
-2.422914
-5.485556
-1.170968
-3.004505
-6.913974
1.076233
-2.359493
-2.985883
-2.472686
-2.016644
-2.472448
-1.191593
-2.703485
-0.882254
-2.407451
-1.229174
0.048411
-1.488723
-3.097646
-0.209154
-3.226598
-3.319208
-3.584324
-3.028671
-0.842244
-2.457842
-0.805585
-3.908118
-2.626050
-3.044250
-1.099198
-0.988570
-1.675299
0.344065
-0.627703
-2.874843
-5.662029
-2.567344
0.607200
-0.523422
-3.472998
-0.155116
-3.181458
-1.589993
-2.561413
0.163554
-0.434676
0.185629
0.663535
-3.217668
-3.552418
-4.214219
-0.805559
-3.968525
-2.859151
-3.199180
-4.338208
-1.687483
-2.982014
-1.184709
-1.045976
-2.978607
-3.147836
-1.167422
-2.148440
-1.651610
-2.669641
-3.992287
-2.482898
-1.916340
-4.944815
-2.140250
-4.961537
-5.500636
-4.353712
-1.140185
-3.319492
-3.471288
2.981903
-1.155013
-0.862432
-3.370179
-4.096130
-3.760506
-0.177678
-3.225469
-1.524833
-1.219823
-6.086568
-2.633133
-1.319049
-4.046771
-2.417908
-1.174252
-3.736832
-3.263756
-7.317633
-4.135379
-4.287699
-1.554358
-1.907161
1.611004
-3.407949
-3.633457
-3.064361
-3.695532
-5.350164
1.047892
-4.445640
-5.601196
3.649323
-2.353979
-1.075791
-2.119768
-2.690615
-1.059930
-3.025532
-4.267705
-2.650644
-2.287490
-2.119655
-3.479995
-3.766001
-2.908450
-2.392009
-5.386772
-0.447804
0.207311
-2.604634
-0.709334
-1.385375
1.021927
-4.948259
-0.933070
-0.047293
-1.641303
-2.580539
1.178465
-2.324787
-3.003218
-2.064808
-1.739755
-1.878067
-2.674317
-6.879857
-2.271437
-2.098645
-0.467602
-0.951045
-2.423184
-3.443321
-4.005071
-4.637550
-3.201537
-4.550705
-5.532949
-0.712379
-1.956807
-2.583298
-0.164203
-3.130211
-0.855046
-0.117668
-0.974774
-5.667829
-3.262426
-0.948699
-4.917302
0.455777
-0.441177
-0.155578
1.809683
-1.283451
0.572678
-2.990685
-4.521755
0.730580
-3.581670
-4.191657
-2.752384
-3.728527
-2.852517
-2.964228
-1.954822
-2.663208
-2.569765
-2.966179
-1.759568
-1.271766
-4.304650
1.649910
-2.869868
-0.669408
-6.178079
-0.959264
0.551799
-1.699873
0.797972
-2.108458
-3.157768
-1.946906
-4.113272
-2.317782
-0.239318
-2.117557
-1.658062
-1.814806
-3.040313
-4.260590
-4.489761
-2.721280
-2.777811
-2.182401
-0.674127
-3.185816
-3.064251
-2.935388
-2.065108
-5.005154
-4.481097
-3.041417
-2.948379
-0.322256
-1.435847
-2.130828
-2.495723
-1.601672
-1.548920
-1.873412
1.835699
-5.499113
-5.596357
-3.983592
-2.692858
-4.200925
-2.444968
-4.929003
-4.729007
-3.656807
-5.298066
-2.538584
-4.084796
-4.037241
0.904180
-3.256272
-0.417003
-2.524695
-1.976766
-0.722682
-4.892679
-5.880574
-0.996439
-3.034112
-1.624428
-2.491548
-0.996956
-3.039065
0.340371
1.462962
-1.723989
-0.562887
-3.690824
-2.616007
-5.131829
-2.962194
-0.896695
-5.193087
-4.140827
-2.066791
-1.693787
-3.717098
-0.244289
-2.964693
0.739194
-1.701122
-2.694131
0.428671
-2.260014
-2.874566
-3.986878
-0.326289
-4.455739
-1.982509
-4.292044
-0.849159
-0.949443
-0.174953
-1.511146
-4.271476
-1.773243
-2.222255
-2.261885
-1.083073
-2.969326
-5.118227
-0.853534
-1.165966
-0.906791
-1.397399
1.523177
-3.801891
-2.984386
-1.464224
-3.597091
-2.972367
-5.468234
-3.534275
-3.234390
-2.524888
-2.786982
-0.351606
-4.661113
-4.267487
-1.334191
-3.089767
-4.602240
-3.782668
-0.364848
1.376141
0.787711
-1.684706
-3.234452
-4.415787
-4.244944
-2.599719
-3.967309
-3.837924
-4.738931
-2.954371
-4.645474
-0.795232
-9.299283
-2.463675
-3.964024
-3.986594
-2.814391
-2.130411
-2.852400
-2.808463
-6.136712
-3.648851
-2.339317
-2.424021
-0.623022
-2.788857
-3.362252
-1.801063
-3.690983
-2.014029
-1.838788
-2.575697
-2.369269
-2.405812
-1.953605
-2.748019
-2.314838
0.157935
1.046631
-1.443063
-3.506824
-2.259620
-4.966627
-1.108059
-4.255003
-1.939168
-3.415250
-1.973265
-2.382713
-5.472369
-1.666533
-4.282835
-2.448885
-5.006624
-2.928785
-1.215080
-2.319121
-2.851115
-3.223395
-4.613573
-2.910824
-1.257067
-2.847805
-0.508229
-1.741512
-3.519104
-3.551306
-4.536448
-1.499479
-1.017159
-3.228458
-4.950122
-1.781754
-3.081841
-2.355863
-1.964209
-2.480455
-4.399806
-3.107620
-1.231307
-2.601330
-4.841370
-3.367182
-4.132689
-2.293858
-1.894424
-1.843608
-1.633621
-3.749647
-6.229963
-2.254057
-6.134675
-1.842655
-2.354743
-1.382429
-1.052475
-1.293460
2.787832
1.770350
-4.661014
-4.386940
-1.261285
-2.555368
-1.093899
-2.346225
-0.095129
-2.890848
-2.217825
-2.342654
-0.240383
-3.813631
-1.804191
-0.349346
-2.023418
2.629120
-3.086748
-4.366522
-3.316486
-2.889957
-2.075245
-0.850957
-3.797152
-0.272965
-2.596635
0.501060
-2.020755
-3.836241
-1.752120
-3.701744
-1.997261
-0.815649
-0.502479
-3.543117
-3.964483
-5.384975
-2.714601
-1.319057
-4.925316
-2.084220
0.935741
-1.509147
-1.141827
-0.974487
-2.707846
1.944225
-4.258468
-1.456710
-5.565680
-1.180044
-3.186956
-3.701846
-2.665495
-3.025402
-4.088746
-1.654932
-4.767475
-2.054732
-0.198186
-4.816004
-3.059052
-3.148617
-2.316130
-1.782218
0.257713
-4.484672
-3.427430
-3.106143
-4.440824
2.779005
-4.690759
-2.086355
-3.694498
-3.133064
-1.739074
-2.702899
-1.496601
-3.118330
-2.695482
-1.103831
-1.339310
-0.480341
-6.811396
-3.899143
-2.099420
-3.377683
-3.863307
0.653893
-4.426237
-2.700530
-2.929715
-1.654573
-2.394569
-3.257924
-4.018869
-1.756633
-2.240381
-2.592031
-3.134878
-1.615967
-2.934968
-2.721542
-2.710214
-2.672565
-4.900540
-2.118303
-1.168611
-1.983870
-4.481590
1.426788
-2.741341
-2.461175
-3.801313
-1.148184
-2.470315
-3.713919
-2.890998
-1.487857
-1.464086
-2.293401
-1.990797
-1.899184
-1.175131
-3.375401
-4.618641
-5.258101
-0.294190
-2.885615
-1.246712
-4.106567
-0.740193
-1.380389
-3.524858
0.084776
-2.861760
-4.092780
-1.315813
-2.888258
-3.120484
-3.917577
-2.391979
-4.549019
-1.843519
-3.602848
-1.998548
-1.845431
-1.246312
-3.728319
-2.989456
0.837220
-5.787697
-3.262749
-4.415582
-3.040436
-3.623674
-2.859980
-0.656716
-2.314437
-4.131093
-3.549266
-0.775132
-1.378995
-2.805650
-3.433269
-2.884191
-0.556751
-2.528131
-2.718847
-3.356782
-1.850643
-1.343423
-2.919692
-3.344285
-1.115473
-1.575627
-3.375122
-2.546106
-2.416267
-0.288909
-1.839704
-2.407142
-3.703467
-2.771247
-4.072954
-4.459137
0.949302
-3.051142
-2.747282
3.193811
-3.399745
-3.126451
-4.395681
-3.629946
-5.720131
-1.359569
-1.932505
-0.307178
-3.895002
-1.319479
-2.864476
-4.874944
-2.205435
-1.323657
-2.035804
-2.672182
-2.421684
-4.158729
1.664793
-3.760654
-2.303451
0.187974
-2.243683
-0.291520
-2.081290
-2.449641
-0.594930
-3.115109
-0.817118
-1.764436
-3.588709
-1.772048
-3.968626
-4.448983
-2.409792
-3.492045
-4.866556
-2.454822
-3.295153
-2.783615
-4.568084
-1.490707
-2.908766
-2.811251
-1.544556
-3.502766
-0.662725
-2.796477
-3.665159
1.169751
-5.383833
-4.776329
-5.538267
-3.073599
-0.895833
-4.625957
-1.631448
-1.063263
-2.924265
0.124554
-3.092239
-3.280546
-3.915139
-3.058585
-4.142292
-1.136655
-3.623798
-2.182314
-4.040807
-3.423255
-2.405436
-2.625383
-1.867396
-3.163965
-3.932098
-2.164885
-3.236383
-1.784798
-3.294960
-3.312689
-2.127412
-0.868661
-1.916077
-3.968186
-3.120917
-4.452429
-4.502503
-2.854655
-6.906298
-0.079459
-4.026410
-2.004347
-1.694805
-3.754339
-3.049021
-3.827873
-2.321946
-3.420225
-4.585939
-1.417817
-2.482239
-2.353435
-4.630867
0.013666
-1.481542
-0.637183
-0.173719
-3.939773
-1.631429
-3.101562
-1.413876
-1.946236
-3.287589
-2.742989
-1.692433
-2.358307
-2.292796
-5.039295
-3.509088
-3.224281
-0.212253
-5.883179
-3.501842
-2.711168
-1.760882
-2.608502
-3.062158
-1.699174
-1.994304
-0.929689
-1.763116
-0.242075
-2.434959
-2.308985
-3.336204
-3.472480
-2.452045
-0.909118
-1.547766
-3.179341
-1.173854
-4.788141
-0.328305
-4.747225
-1.031148
-2.909813
-3.314566
-3.906314
-3.779199
-1.048096
-2.045985
-1.602799
-1.920931
-2.884711
-3.140950
-2.250877
-1.171537
-0.590703
-2.587760
-5.699330
-4.127625
2.369549
-4.177512
-3.243835
-4.104776
1.525545
-1.988173
-2.692957
0.841322
-2.599301
-0.926847
0.077724
-3.191452
-3.175786
-3.152975
-3.264827
-3.268246
-2.002767
-3.713607
-2.235513
-1.722097
-1.215165
-1.582465
-3.802827
-1.750739
-2.879433
-2.663790
-1.379589
0.312935
-3.720403
-1.616116
-4.356191
-1.728735
-1.110746
-3.232211
-0.714021
-0.118430
-2.694650
-3.151378
-3.594496
-5.097121
-3.105244
-2.618576
1.112376
-4.302868
-0.582734
-2.750875
-2.165747
0.258102
0.260758
-0.816967
-0.875495
-3.315879
-3.498343
-3.693517
-1.061136
0.635725
-5.675423
-5.180313
-2.789211
-1.120233
-2.233302
-0.340509
-2.807692
-1.995606
-5.389243
-2.769938
-3.073004
0.998469
-3.407560
-4.842937
-2.931573
-1.515788
-3.718838
-2.344943
-1.683846
-0.751458
-6.134124
-2.856145
-1.932164
-3.467577
-1.082274
-2.291229
-2.043515
-0.236415
1.413142
1.345123
-4.862874
-4.908739
-3.168723
-1.743387
-3.749386
-1.786961
-0.344488
-3.759980
-3.535703
-2.667766
-2.708445
-2.989238
-3.958995
-4.653743
-4.497735
-3.711206
-2.831309
-2.463483
-2.990350
-1.299278
-1.912792
-2.653597
0.313187
-3.449740
0.021128
-1.372576
-4.260687
-1.864870
-3.452429
-2.359921
-4.038259
-3.173144
-2.410661
-2.079420
-2.086812
-3.875999
-2.536814
-0.457779
-0.853750
-1.098547
0.992412
-2.292017
-5.479430
-1.942515
-3.842730
-3.640002
-1.561759
-3.003760
-1.857990
-3.702341
-2.353428
-2.779437
-2.121748
-2.650003
-4.352562
-4.836373
-1.651281
-3.443763
-3.139420
-2.859644
-5.063697
-4.594877
-2.538590
-1.934304
-2.978800
-0.115051
-3.865576
1.146106
-2.901044
-2.700340
-4.087319
-0.463237
-0.770272
-4.726559
-1.347026
-4.072587
-1.538608
-2.509749
-3.820806
-2.053955
-4.149849
-0.370678
-3.244366
-4.795160
-2.331411
-4.491698
-1.450675
-2.998812
-0.633330
-4.151096
-3.057984
-2.254386
-0.068819
-5.443185
-3.192557
-0.382006
-6.403175
-5.416747
-4.769688
-5.268995
-2.986835
-3.647011
-3.805533
-3.430188
-5.693542
-3.180015
-3.497790
-0.303345
-1.243896
-6.706874
-4.708714
0.846907
-5.654798
-3.283196
-4.256393
-3.145756
-3.802868
-5.397492
-1.551883
-3.835559
-3.841378
-1.126743
-1.709564
-2.710810
-1.669721
-2.650789
-3.150162
-1.715459
-1.394887
-1.073792
-2.674685
-4.768040
0.361459
-2.999263
1.319552
-2.609569
-1.886589
-2.191993
-4.266409
-2.556059
-3.450127
-2.608617
-2.561661
-4.439746
-2.419032
-2.550216
-3.758690
-3.397184
-1.664804
-2.976221
-2.557868
-2.393807
1.299241
-4.907536
-2.737524
-4.800649
-4.645295
-2.951279
-4.690208
1.350011
-2.631112
-1.753772
-2.147153
-3.070856
-3.551459
-2.990934
-2.305187
-3.095431
-2.326920
-2.626158
-2.249434
-2.865180
-2.579071
-2.310264
-6.143725
-5.413899
-3.849696
-4.505868
-2.826096
-1.948800
-3.662765
-1.087035
-1.557056
0.662526
-0.629247
-1.309309
-1.659941
-4.282187
-2.197103
-3.862031
-3.237237
-3.072211
-2.765386
-4.275662
-2.533535
-4.212861
-4.854290
0.128060
-2.863697
-0.534346
-0.084216
2.480866
-3.422291
-4.882047
-2.380065
-2.157476
-3.654113
-5.123891
-0.044678
-3.760170
-1.914318
-3.832217
-3.964144
-4.162700
-3.947470
-2.859149
-3.935378
2.002991
-1.816787
-3.878351
-1.183105
-5.793678
-2.795528
-5.661496
-3.862800
-3.649893
-3.085120
-1.574131
-1.928464
-0.698725
-3.571743
-2.166083
-0.603005
-3.465251
-3.192918
-1.508151
0.819949
-4.347427
-2.100373
-7.446923
-2.750714
-1.083924
-0.350258
-2.803522
-3.373147
-2.939983
-3.036804
0.192176
-0.253314
-3.405352
-3.933765
-3.010405
-1.817456
-2.211178
-0.807578
-0.557897
-2.749343
-3.523730
-4.445630
-0.831334
-4.482245
-3.525548
-0.049234
-2.452774
-2.599068
-2.862378
-2.472243
-0.111837
-3.469110
-0.517794
-2.819890
-0.677838
-3.906979
1.337843
-1.667462
-2.786452
-2.263046
-2.449932
-1.097191
-3.208927
-0.547453
-1.149955
-4.017785
-1.964579
-2.594267
-0.280939
0.081866
-5.103890
-3.260968
-4.805932
-1.365613
-3.223387
-2.874627
-2.213511
-3.893779
1.950658
-5.010412
0.331382
-0.638749
-3.836810
-4.029129
-1.644382
0.458976
-6.246046
-1.351820
-6.281746
3.744141
-3.195788
-1.615842
-2.442634
-5.021655
-2.920485
-3.273501
-4.474035
-0.871480
-4.510089
-2.185882
-3.457102
-0.152358
-3.392947
-3.830164
-3.742348
-1.832015
-3.090961
-0.524574
1.307112
-5.481675
-2.720602
-3.927851
-1.958847
-1.833064
-2.755929
0.944725
-2.327219
-3.271354
-1.285496
1.375988
-1.998805
-4.898816
1.087552
-2.501698
1.043202
-5.365797
-1.015294
-2.766967
-1.535350
-6.893786
-3.701107
-4.583385
-2.742536
-1.786624
-5.811098
-3.765363
-3.626911
-1.744424
-2.726250
-4.575731
-5.384177
-4.428497
-3.261430
-4.611857
-3.275068
-3.058448
-3.203833
-3.536052
-3.648243
-4.036662
-2.822434
-2.536183
-2.949473
-3.924803
-3.105106
-2.653283
-0.767726
-2.956533
-0.997282
-3.114512
-3.570134
-0.840564
-4.481012
-3.439499
-1.872512
-0.185014
-1.558868
-2.013958
-2.389892
-3.209702
-4.191314
-2.453502
-2.171536
-5.430390
-2.487797
-4.519801
-2.628891
-3.780014
-2.906221
-3.016727
-3.897392
-5.623245
-3.470235
-2.929825
0.966659
-1.791544
-2.631299
-2.605516
-5.177896
-1.823922
-4.479416
-2.425228
-0.638632
0.657400
-2.256222
-3.192819
-2.666830
-2.322644
-0.537692
-5.300262
-2.866593
-3.161267
-2.824529
-0.885686
-3.825160
-2.507495
-3.373444
-3.025301
0.236486
-2.150165
-3.939705
-2.520590
-3.052099
-3.368493
-1.741074
-3.805247
-2.091437
-1.748896
-5.989242
-1.205720
-4.074927
-2.298677
-1.608566
-3.014320
-1.138716
-4.431602
-0.644382
-1.731872
-5.596616
-4.433177
-2.335366
-1.798484
-5.331824
-2.930490
-4.165163
-2.301033
-3.658072
-1.656710
-3.227742
-4.071113
-2.325004
-4.130385
-3.075446
-2.430597
-2.368336
-3.805145
-4.271241
-2.907444
-0.080899
-5.876167
-2.943926
-2.754573
-2.973209
-1.157700
-0.939033
-4.219839
-3.815760
-1.057251
-4.799445
-2.730227
-4.076624
-3.167599
-2.377459
-2.995287
-3.588331
-3.437456
-3.544113
-2.415725
-5.197160
-4.445484
-2.121225
-1.864169
-2.819767
-1.992889
-0.990118
-2.177679
0.004773
-2.004306
-2.744393
-5.665437
-3.879417
-4.837246
-2.345177
-3.778565
-2.174938
-5.746784
-1.083061
-5.856013
-3.591044
-3.791307
-0.323461
-2.609057
-2.003625
1.181111
-0.600541
-1.339613
-4.574435
-2.689938
-3.742840
-0.233594
-5.231729
-3.727287
-2.040818
-1.639772
-2.699334
-3.325030
-4.756341
-1.702699
-3.883147
0.151931
-1.409072
-2.376633
-1.322723
-0.588477
-3.253769
-4.970696
-2.169159
-1.943023
-3.936474
-4.679659
-1.929341
-2.424527
-3.525289
-2.687555
-1.798663
-3.462008
-2.326558
-0.987396
-1.248199
-1.908155
-4.362212
-4.679373
-2.602920
-0.518555
-5.532093
-0.986415
-2.732388
-2.351470
-2.869320
-4.554682
-2.777319
-0.014159
-4.143039
-1.660420
-3.453132
-2.208017
-3.192425
-2.174231
-0.989301
-0.822147
-2.122563
-3.471442
-1.455032
-1.983745
-1.881112
-5.007278
-0.343282
-1.419454
-4.188027
-2.905464
-2.253228
-1.798104
-2.399872
1.046164
-4.171166
-1.572660
-1.385800
-2.903807
-4.307072
-2.157434
-1.093421
-4.952759
-4.161723
1.090877
-3.688817
-4.320597
-2.584559
-3.845514
-2.997010
-4.671896
-5.587865
-3.151803
-3.669008
-5.022299
-3.658634
-3.529340
-1.573604
-1.363479
-1.198018
-5.152882
-3.076789
-4.475619
-1.453744
-3.062125
-1.823107
-1.934116
-4.013566
-1.118017
-3.180206
-3.333094
-0.824856
-2.164172
-4.217364
0.021571
-1.455537
-3.617297
-2.825658
-1.678208
-1.574243
-3.754013
-2.050928
-6.333787
-4.690784
-4.665277
-3.368292
-1.752457
-4.067008
-2.233726
-6.295163
-2.718399
-4.352372
-1.665985
-0.589972
-2.774614
-1.608657
0.333922
-3.604601
-3.972391
-1.709428
-3.473769
-4.350275
-2.038820
-0.290128
-3.903353
-3.166421
-2.630870
-3.653177
-3.024993
-1.263146
-0.839394
-5.331479
-2.736182
-3.363019
-5.248330
-6.995953
-4.706487
-4.164839
-6.663532
-4.881330
-2.885024
-3.605838
-3.374742
-3.514215
-2.091101
-4.937601
-2.195669
-3.091933
-2.200177
-3.659678
-2.987775
-1.871472
-1.935321
-2.025231
-5.227381
-2.474937
2.147770
-1.610302
-2.864107
-1.188973
-3.720151
-1.996604
-5.106255
-3.190005
-1.294465
-3.799219
-3.405201
-5.107331
-1.452107
-3.057452
-4.554814
-3.854507
-3.742788
-5.007787
-0.466430
-2.782756
-3.144422
-2.794529
-2.365828
-0.693973
-1.817824
-2.283864
-0.842906
-5.360662
-4.823915
-2.828799
-3.288889
-2.320075
-0.826560
-2.132724
-2.546741
-3.230891
6.472521
-2.624937
-5.587304
-2.995538
-2.314884
-1.736247
-3.339130
-3.469213
0.491895
-3.975260
-3.688315
-2.467531
-2.333177
-3.766079
-1.715634
-2.931357
-2.169672
-2.760790
-3.280540
-3.081227
-2.169883
-5.703256
-2.284739
-5.017591
-4.011168
-3.117799
-1.490827
-0.655294
-2.894861
-2.328722
-1.740274
1.248639
-3.311086
1.080918
-3.325903
-3.017830
-3.505436
0.987445
-2.734847
-3.136274
-1.687724
-0.404560
-3.244625
-3.756779
-1.719987
-3.783569
0.710481
0.301741
-5.406418
-1.744292
-4.218301
-0.075070
-2.326012
-2.490025
-2.992241
-1.510924
-5.274616
-1.892503
-2.559138
-2.668735
-2.629044
-2.756583
-4.329674
-4.551043
-3.835040
-6.833831
-2.764169
-2.821134
-0.716180
-2.120146
-4.831513
-3.050900
-5.703889
-3.496028
-0.937700
2.090034
-1.725830
-3.353427
-1.217589
-3.438708
-2.832523
-2.303223
-0.947066
-1.523639
-3.374518
-3.704015
-4.487094
-2.971717
-3.100344
-3.355562
-2.631593
-4.482236
-0.862840
-2.030423
-1.659770
-3.910786
-3.129570
-2.052243
-2.531555
-2.405126
-3.816608
-4.223156
-0.986299
-1.870842
-3.237728
-2.212711
-6.058425
-5.902246
-3.940051
-1.938791
-1.781658
-4.864062
-2.171259
-2.502630
-2.355425
-3.585408
-3.058223
-2.370033
-2.811428
-3.272428
-3.449952
-3.161510
-4.848978
-2.104540
-3.423046
-0.390498
-1.806490
-0.725188
-1.232882
0.109026
-5.273186
-1.981221
-3.918988
-0.817860
-3.022894
-4.212085
-1.476939
-3.681082
-3.254278
-4.948327
-3.239227
-4.581439
-3.191300
-1.680229
-1.876647
-3.748505
-1.800232
-0.753593
-2.966719
-3.617410
-5.040014
-1.778805
-3.499518
-2.624571
-1.848741
-2.835648
-3.329531
-5.273495
-3.469019
-1.120181
-2.019950
-1.421159
-4.509702
-4.385111
-1.535327
0.698997
-4.235662
-0.154796
-0.944704
-2.434124
-4.835873
-2.052988
-4.474338
-4.365010
-1.513713
-1.007486
-2.817574
-2.215818
-4.073663
-3.510776
-2.515237
-2.318283
-1.173908
-2.172771
-4.107802
-2.897592
-1.134490
-5.180421
-3.686377
-2.522269
-3.324113
-3.946458
-1.451536
-2.565372
-2.537629
-4.427076
-2.660877
-2.665000
-2.213767
-2.205982
-3.528714
-1.926752
-2.511712
-4.841521
-5.589746
-2.956722
-2.708042
-0.714280
-3.691612
-0.119702
-3.498146
-2.680328
-4.052696
-0.035368
-1.633610
-5.235606
-1.603133
-4.331957
-4.294686
-1.204128
-0.005405
-1.792096
-1.012279
-4.573998
-2.394648
-3.831886
0.896077
-2.868393
-2.104171
-2.789392
-2.881855
-2.649236
-1.784380
-3.275533
0.268009
-0.219773
-1.173859
-4.680048
-2.663800
-1.025167
-1.161357
-3.881412
-2.646052
-2.978762
-1.416320
-2.150247
-0.689339
-0.765035
0.874397
-3.210620
-3.182024
-2.916011
-6.081870
-2.952348
-2.179365
-3.292042
-1.681343
0.086617
-2.842339
-3.705318
-0.655233
-2.775337
-4.518300
-2.151466
-0.568372
-1.075280
-5.370112
-2.918405
-2.831438
-0.697721
-1.436027
-1.711561
-3.226516
-2.987736
-2.746925
-1.758476
-3.816858
-1.235895
-1.986964
-4.881944
-0.327389
-3.536821
-2.115541
-3.659776
-3.614745
-1.540333
-0.951491
-1.870507
0.016368
-2.792449
-3.128266
-2.439854
-2.676625
-4.645113
-2.921260
1.129556
-2.571975
-1.879477
-4.288893
-1.867044
-1.736508
-3.450842
-2.307312
-3.543859
-1.065899
-2.971309
-3.821348
-0.595882
-6.172510
-4.317904
-1.848046
-0.801283
-1.638366
-3.399046
-5.040834
-3.588313
-2.146773
-2.981071
-0.436267
-2.479028
-2.495121
-2.491104
-1.520037
-6.000238
-2.829331
-3.675547
-0.909145
-4.902903
-0.599187
1.339921
-2.166820
-2.452928
-4.643040
-4.326710
-3.463568
-1.217705
-0.613151
-5.525948
-2.483553
-2.900755
-3.709885
-4.162361
-2.261518
-1.719995
-5.090521
-0.441350
-5.396005
-4.524789
-2.767409
-1.041517
-2.517724
-1.595340
-1.074755
-2.202462
-2.744667
-2.159902
-2.319999
-4.115558
-3.891075
-3.228380
-3.351846
-4.274840
-1.106159
-3.140028
-2.326155
-0.977707
-1.882875
-0.512551
-1.422194
-3.838560
-2.111776
-3.296727
-3.124892
-0.983927
-3.724503
-3.832054
-3.698830
-2.805459
-2.506213
-4.309031
-2.227511
-4.969251
-5.646024
-2.084240
-1.314482
-3.118468
-2.749403
-3.667423
-4.112346
-4.231924
-2.130807
-2.594524
-2.012311
-3.799038
-4.083404
-3.532193
-3.439300
-4.043855
-3.453654
-2.249979
-3.345732
-3.164307
-3.808736
-4.718887
-2.527689
-5.241210
-0.860391
-2.196231
-1.119290
-1.902749
-1.920384
-5.803838
-4.664509
-0.126775
-5.365062
-3.870832
-2.723537
-3.768552
-3.515509
-3.587262
-2.783193
-3.966110
-4.775701
-2.696665
-4.118233
-0.367108
-1.159262
-1.868376
-5.094692
-3.165427
-6.000211
-2.346890
-3.195011
-5.123313
-2.865831
-1.306904
-1.979213
-3.909381
-5.632734
-1.246405
-1.731981
-2.530126
-3.073823
-2.706635
-4.810874
-0.819743
-2.553671
-0.599723
-4.085608
-4.230067
-4.560785
-2.863837
-4.609619
-2.606389
-4.595336
-3.946815
-3.149822
-1.983061
0.996804
-3.693142
-3.028120
-2.176889
-3.610452
-4.395147
-4.349295
-1.944866
-1.447706
-2.999810
-0.201465
-2.692299
-2.706280
-3.663590
-1.509815
-0.422583
-2.873271
-4.526062
-3.538738
-0.907256
-2.656241
-2.392382
-3.554896
-2.873875
-2.000232
-1.685125
-4.355516
-1.841609
-3.790100
-2.583678
-3.671657
-0.808807
-2.072582
-1.810957
-2.777888
-3.812521
-1.864916
-1.679336
-3.360044
-3.218534
-2.263088
-6.732515
-2.682799
-1.230579
-1.044844
-1.970758
-1.502123
-1.290573
-3.025626
-0.127849
-2.084190
-1.455103
-3.219278
-3.543499
-2.182242
-4.476101
-3.226034
-1.906732
-4.512875
-2.840675
-3.428060
-1.440497
-2.139210
-4.614030
0.964325
-2.602217
-0.370135
-1.720200
-2.585878
-3.379186
-3.845140
-4.198055
-2.598182
-0.155927
-2.563764
-2.301964
-2.080632
-2.578034
-1.566070
-3.681127
-1.097402
-1.988667
-2.667147
-1.861389
-3.206510
-4.421618
-5.458772
-6.698520
-4.101700
-6.255777
-2.135077
-4.328684
-3.244903
-3.213832
-2.687943
-1.973981
-0.726058
-3.027921
-2.865239
-1.940452
-2.673474
-0.725489
-1.693987
-1.960110
-0.571342
-3.016350
-1.083685
-0.757056
-0.975098
-4.941444
-6.499016
-2.204050
-2.229161
-3.129431
-2.426859
-3.440139
-3.514143
-4.840758
-4.378328
-2.589065
-4.346247
-2.433423
-1.875326
-3.346615
-1.538269
-3.182309
-4.177185
-3.193555
-2.272403
-1.981865
-4.289134
-0.274259
4.848839
-0.865858
