8
1 500 1000 200 42 777 13 99
-0.433986
6.666745
0.937397
-2.536598
-3.818566
-3.032637
-2.134785
1.306717
-3.430108
-2.070599
-3.231131
-3.450413
7.234759
1.129768
6.635121
-2.631041
-1.213768
-0.941390
-2.615770
-2.730825
-2.857816
-2.533683
-2.923395
-3.551708
-5.029664
-4.550628
2.499599
2.246181
-3.077583
-2.959121
-2.570240
1.688875
-2.878736
-5.795593
-3.644337
-5.771105
-5.799750
-5.850396
-4.511178
-4.426693
-3.734896
-2.964030
-1.371451
-5.309056
-4.120537
-2.251143
-5.086360
-3.712496
-5.104810
-5.064320
-5.133398
-3.911978
-5.470892
-6.081075
-4.697656
-4.220037
-5.859113
-4.198201
-2.791533
-2.913965
-3.625057
-3.085981
-3.439304
-3.331743
-2.604637
-4.194983
-0.621768
-0.850129
-0.632742
-6.181009
-2.097551
-2.215457
-2.739291
-3.056589
0.035047
-1.417788
-0.368391
-1.315760
0.406545
-1.651538
0.974806
-2.581675
-1.694865
3.117522
1.083058
-3.914833
-3.074300
-6.148588
-6.951707
0.261047
-1.407999
-2.660867
-2.861367
-2.573310
-2.053124
-2.551551
-3.005223
-2.335735
-2.334981
-2.691573
-3.165824
-2.419246
-3.235049
-3.173582
-2.255367
-2.835920
-2.539732
-2.335247
-2.500854
-2.549990
-2.504249
-2.972923
-2.661223
-2.489561
-2.697517
-3.157087
-2.562356
-2.719306
-3.013045
-2.661868
-2.425652
-2.320567
-2.256580
-2.836788
-2.905372
-3.194791
-3.008019
-3.139618
-3.264168
-2.518686
-3.138590
-2.387139
-2.506805
-2.777746
-2.587905
-2.501291
-3.349112
-1.932683
-2.491500
-2.605450
-3.283200
-1.991973
-2.788237
-2.012076
-2.731039
-2.384832
-2.258510
-2.573739
-2.575572
-3.012706
-2.960538
-2.959141
-2.668121
-2.203781
-2.347634
-2.859494
-2.909188
-2.659889
-2.305489
-3.038173
-2.780403
-2.014107
-2.994246
-2.636258
-2.648859
-3.035913
-2.843606
-2.331779
-2.742910
-2.523154
-2.835925
-3.006196
-2.423019
-2.611949
-2.647032
-2.582683
-2.397982
-2.631354
-2.740500
-2.007847
-2.160411
-2.325024
-2.337351
-3.026874
-2.948054
-2.688956
-2.758496
-2.540257
-3.123181
-3.325878
-2.966284
-2.820847
-2.869470
-3.315451
-2.438488
-2.359353
-3.117274
-2.852244
-3.062085
-0.319837
-2.665430
-2.883795
-2.887845
-2.851682
-3.236457
-2.706923
-3.217512
-3.287322
-2.557373
-2.484123
-2.879704
-2.560564
-2.955410
-2.652822
-2.206717
-2.352219
-2.573927
-2.814244
-2.323206
-2.554224
-2.529630
2.936595
-2.701208
-2.961680
-2.853104
-2.900432
-2.028540
-2.927284
-2.759365
-2.582438
-3.046731
-2.661999
-2.964674
-3.339116
-2.868809
-2.622870
-2.391363
-2.484168
-2.647222
-3.149438
-2.853249
-2.335735
-0.977912
-4.407528
-2.443664
-3.094207
-2.520284
-3.243946
-2.907753
-3.122411
-2.805124
-3.067938
-3.070193
-2.248819
-3.031775
-1.651816
-3.173010
-0.832481
1.402618
3.641395
0.721054
-3.887099
0.914660
3.461420
-3.959468
6.547400
3.846572
0.274672
0.192149
-1.956807
-4.253503
-2.422518
-1.065283
-4.477033
-3.356981
0.206032
-1.367935
-1.449259
3.735145
2.403624
1.456937
-0.207220
2.292732
-1.112181
-1.047684
-1.108733
-5.361289
-0.783148
-1.849239
2.333677
-3.022208
-0.314508
-3.642052
-7.289911
2.634034
-3.705163
-3.531323
-2.990172
-0.945194
-0.803435
-2.696791
-4.421533
-1.809544
-0.090132
2.352880
-0.548597
-5.062511
-1.130393
0.611280
3.922359
-1.434656
-2.881001
-3.908368
1.201554
0.487913
0.313196
-1.162669
4.553464
-3.510134
-2.063108
-3.601914
-0.721019
-4.047364
-0.952726
-3.319158
0.318607
-2.417225
-5.727849
-4.032194
1.015773
-5.093164
-5.122357
-0.384319
-1.661788
0.124353
-1.267376
-3.979136
1.650084
3.317522
-5.997103
-4.800873
-5.567849
-3.866260
-1.805150
4.340158
-6.299264
3.192615
-1.682931
-0.021856
-3.348786
-1.772855
2.870210
2.241455
-3.150489
5.767132
-3.320261
-5.167199
-7.468107
-1.327043
5.076190
0.535441
4.657547
-4.366532
-5.315931
-2.898038
-0.654720
-1.926901
-3.466462
0.641694
0.288448
2.356993
2.006850
-3.319015
-3.180828
2.201215
-3.357508
1.369106
-4.016120
-2.205328
-3.025532
-2.935836
-2.116644
-3.362890
-1.619404
-3.403861
-0.688602
-3.140941
-3.831009
-5.490778
-0.012707
0.701231
-0.621656
-3.001020
-4.724968
-2.760371
3.410746
-0.198114
-4.926385
-1.040903
-2.692699
-3.310050
-3.551463
-1.857336
3.420928
-1.135750
-1.774441
0.939250
-1.970357
-2.001804
-2.692732
1.345471
-0.749326
2.222920
0.430711
-3.122630
-2.623182
0.831758
-4.385488
-3.915947
-3.947645
-0.100339
2.790799
2.591930
-1.415276
-8.869566
-1.345852
4.959526
-3.731591
-0.701710
-2.581899
-2.810095
-1.692795
-3.552246
-1.039217
-0.009880
-0.535568
-0.012399
-3.222047
6.008903
-3.761667
-2.941571
3.791453
-0.031356
3.504473
-0.672889
-1.103192
-2.209546
-1.416455
-4.925870
-2.534110
0.437497
-4.159072
-3.258222
0.581884
1.237728
1.815722
3.471408
-2.567587
-3.374165
-2.479187
-0.216124
-4.546282
-3.224200
-4.416784
-3.140848
0.407682
-1.943444
-2.585830
-3.081435
-2.477828
0.709610
-2.759383
-1.597717
-3.998473
-2.452617
-0.075428
-5.046546
-0.224003
-2.291344
-1.855403
0.125342
1.124860
-1.702914
2.030629
-1.837651
4.752021
-0.724371
2.146205
-2.956919
-5.338560
-5.519209
0.908319
-3.129045
-2.680106
5.255979
-3.666099
-3.156492
-2.422331
0.216236
-2.154238
-2.095721
-0.215514
-4.377611
1.970393
-2.644273
0.680131
-4.072423
-0.030742
-1.786461
-5.837686
-6.016645
-0.732307
0.306828
0.036076
-1.006724
0.607627
-4.164138
0.075945
-1.196532
-1.701199
1.334545
-2.957482
-4.308956
-0.968980
-0.898046
7.213741
0.927230
-5.173531
-2.196740
0.363642
-2.623597
2.278115
-0.622045
-4.088270
-2.145616
-1.674977
-3.828361
-4.102935
-0.166086
-2.182710
-5.486583
-2.754848
-0.949278
0.842130
-3.245835
-0.350454
-4.257904
-0.963095
-2.026467
-3.416645
-5.948181
-1.227657
-0.134533
-5.450983
-4.274920
-1.042887
-2.501060
6.288111
-1.385055
-0.628875
0.849961
4.403252
-1.937059
-3.809418
-6.004673
1.335992
3.067955
1.144983
-1.359587
-1.376030
-0.200411
-0.695093
-0.892304
-4.839959
-0.965470
-4.440600
-0.840182
-3.681128
0.685468
3.010516
7.533617
-3.024596
3.332603
-3.259133
-1.308442
-1.233466
0.799587
-1.326798
-3.272262
0.724504
-1.475671
-1.767673
-7.846990
-4.756095
-4.475864
-2.830525
-2.199172
-3.015243
-0.400530
3.080145
-4.846602
-1.393444
0.022660
-4.222116
-1.198921
-2.314029
-1.716932
-5.332946
-5.822490
-2.299194
-3.182236
-1.274513
-3.603340
-0.463899
0.361583
-1.367180
-2.769839
-2.029928
-3.794002
-4.485474
-3.224735
2.433151
-0.537254
-3.489429
-4.822953
-5.686259
-3.398389
-4.000648
-4.640321
-1.229358
0.769614
-4.285159
4.502716
-0.332506
1.247902
-1.219153
-4.333421
-3.589881
-6.737568
-2.876781
-1.159359
1.695398
2.392041
-2.300257
-3.827965
-0.726118
-0.026318
0.266538
-2.561810
0.198733
-0.876174
-5.539045
-0.780951
-4.391445
0.099105
0.820366
-0.684153
-4.749845
-2.323056
2.093395
-2.036891
-5.011088
-3.428696
3.731328
-3.126126
-3.611496
0.339200
-3.568670
-2.362422
-0.057268
1.997418
-5.495040
-2.176147
0.909986
-0.349640
-0.549713
-3.510325
-0.493981
-2.619414
1.147860
-6.568034
0.790738
-1.958117
-2.583751
-3.564507
-0.923015
-1.053344
-2.915357
-3.525083
-4.654232
-1.582477
-2.541508
-2.734967
1.695814
1.595777
-5.385052
-2.223702
-3.023393
-2.670730
-3.388336
-0.610782
2.108824
-4.820928
-3.614597
-1.220151
-2.198843
-2.299578
-1.744165
-0.631514
-0.636943
-3.553669
0.399742
-0.060710
2.226836
-2.650514
-2.800853
-0.600480
-0.594120
1.756778
0.130141
-2.752452
-3.448885
-1.862061
-4.495268
0.945059
-4.104185
-1.656882
-1.575590
-1.108670
0.198962
-3.228181
-3.143038
-2.326636
-0.110122
-2.157725
0.929942
-3.970773
-0.980507
1.772296
-2.293937
-1.455151
-3.200448
2.034606
-1.897115
-0.481145
3.431834
-3.923817
0.061900
-5.833085
1.535267
-1.328100
-4.329675
-2.559042
-3.063079
-6.765615
-3.190999
-0.814183
-4.990418
1.779883
-1.003698
-2.123231
-4.501402
-4.890824
-3.969929
-3.389862
-2.479416
-1.742523
-1.102286
-2.124727
-2.828513
-3.378143
-1.518115
-3.266017
4.816937
1.976807
0.954938
-3.498848
-0.281965
-3.138797
0.893872
-1.005159
-0.513492
-3.274575
-5.883516
-4.536887
3.571749
-1.472236
-1.994110
-1.767318
-4.456177
-2.660979
-4.597014
-3.522737
4.732307
-0.371061
-1.674537
-2.239135
4.147758
-2.188211
-1.749405
-5.115494
-2.298499
-1.180751
-6.096037
-2.479688
-1.258603
-2.617377
-2.905265
-0.153926
-4.929684
-4.551332
-1.564049
-3.444997
1.867655
-0.320436
-2.448576
-2.398864
-3.224775
-4.199606
-2.428872
-2.015659
0.987461
-2.664980
-4.217256
-2.645853
1.419600
-2.126824
0.251926
-3.351812
0.446195
-4.263667
1.319399
-4.034621
-0.619124
-4.938209
-3.253324
1.424189
-2.703400
-1.641880
-1.984137
-1.640706
-4.837788
0.843928
-4.939277
1.109474
0.948262
-7.799623
5.407322
-1.669210
-2.820667
-0.936136
-2.029178
0.348771
0.579089
-3.005778
-2.353876
-3.979554
-3.151138
-2.581253
-1.412580
-3.269844
0.733204
-2.554530
-4.680178
-4.347396
3.211190
-3.823389
2.992960
-4.860248
-2.846868
-4.053553
-4.234761
-4.941946
-3.522990
-0.369163
0.028131
-1.520220
-2.853036
0.696674
-1.038265
-4.194756
-5.053811
-0.147882
0.959622
-4.089612
-1.437570
2.061649
-0.476682
-2.647093
-0.113968
-3.349451
-0.719893
-4.190894
-4.378376
-5.413551
-0.150004
-2.229856
2.093067
-0.958311
-2.857685
-1.269917
-1.298178
-0.165837
-2.965910
2.116034
-1.081687
-1.611628
-4.186779
-3.301786
-4.913662
-1.746856
-5.117967
-6.295018
0.461478
1.924969
-1.527221
-1.064584
-2.441356
-0.823666
-1.229192
-1.785375
-2.396756
0.619332
-4.591574
-3.045879
-3.793313
-4.900456
-4.965705
-5.520976
1.208333
-0.260246
-7.199511
-2.853249
-3.811886
-2.945334
-1.975887
-3.016265
-2.748190
-4.172132
-3.980870
-5.617332
-5.080385
-0.622563
-2.560654
1.230742
-0.353242
-4.186169
-0.420928
-0.480868
0.066306
-5.771770
-1.275736
0.198449
-2.580141
-5.032425
-3.241573
-1.532301
-2.796978
-3.234363
-1.512834
-4.907290
-3.968015
-1.051365
1.430888
-4.351630
-1.099206
1.596140
-3.207644
-3.947147
-3.823668
-3.004833
0.111545
0.768575
0.944817
3.780937
-2.494286
-4.575635
-4.277549
-2.484827
-2.832130
-2.611185
-6.066466
-3.763874
-3.052432
0.928423
0.437091
-2.965150
-3.424293
-2.728021
-4.327712
0.285655
0.696314
1.126352
-2.566194
-3.671283
-4.271020
-0.728215
-3.277636
-1.814667
1.545374
-3.182754
-4.232954
-1.233196
-2.895568
-0.755484
-3.609972
4.459589
-0.884742
-3.029655
0.891937
-1.451846
-4.859290
-2.971782
-4.892190
-0.722798
-3.175029
-6.442729
-0.986889
-6.039156
-1.960233
1.455535
-2.090219
-4.038419
-2.702814
-0.750308
-3.240914
1.008915
-1.101251
-3.839585
-2.870484
-2.606593
1.899861
-1.833883
-5.019987
-2.774655
-1.742564
0.068461
-2.194110
-3.888970
-4.571543
-3.286150
-0.260771
-4.625634
-2.442748
-4.152849
-3.468045
-3.166986
-3.342014
-4.099412
-0.208300
-1.106368
-3.448853
-4.312769
0.841184
-3.025628
-1.971138
-3.474634
-2.230577
-4.901754
-4.848413
-2.372873
-2.916535
-2.690090
0.220997
-0.313348
-2.855618
-2.953364
-2.295090
1.736659
-1.964162
-4.947352
-1.111782
-4.237030
-3.052432
-2.972750
-1.693756
-2.867683
-4.076877
-1.229546
-5.091938
-4.285176
-2.898398
-1.414854
-3.195982
-4.686761
-2.467598
-3.538529
-4.206321
-3.415086
-1.506974
-3.571609
-0.234588
-2.435803
-5.570858
-5.917203
-3.449357
-4.966212
-2.524199
-0.034803
-3.039624
-1.439406
-4.669503
-3.296195
-5.775170
-0.463705
-2.008940
1.137558
-2.794365
-3.366123
-4.700069
-3.600556
-0.467575
-0.472475
3.901062
-2.677455
-3.931582
3.721046
-1.545522
-2.445640
-3.919984
-3.218236
-2.367147
-0.356136
5.078961
-4.796481
-4.196352
-3.876809
-1.443104
-1.554651
-3.717331
-2.149068
-1.425124
-4.727040
-1.839493
-3.046495
-4.856675
-0.938335
-1.844414
-3.657872
-2.451194
-2.179797
1.009061
0.145769
-6.331656
-3.887810
-0.426008
-4.705381
-1.444069
-1.104838
1.008880
-4.256783
-3.092168
-0.748030
-3.102635
-4.485500
1.072611
-3.073624
-4.481093
3.136454
-0.770222
-2.781928
-4.165900
0.018137
-2.164461
-6.173871
-4.814290
-2.780162
-1.211827
-0.940766
-3.791425
-1.809057
-4.907778
-1.777502
-1.091582
-3.401149
-2.524296
-3.123273
-1.522515
-0.288658
-1.110758
-2.561322
-4.144451
-2.409945
-3.618453
1.981056
-2.744385
-3.185935
0.006158
-0.540145
-5.401361
-4.763941
-2.458027
-1.584104
4.016604
1.415225
0.018232
-0.864096
-0.894081
-2.078111
-4.090618
-4.143870
-4.904027
-3.336205
-2.905117
-1.845832
1.096334
-5.683465
-0.082745
-2.747803
-4.803499
-4.509212
-3.243802
-0.514960
-3.913088
-2.195482
-0.818524
-2.618237
0.684538
-1.347999
-5.736403
0.271067
-1.030320
0.406898
-1.356119
-3.677291
-3.015960
-4.891497
-5.406157
0.465516
-0.258845
-3.831176
-6.343944
-5.461545
-3.997434
-2.526093
-4.469279
-1.929145
0.716664
-5.344198
0.831960
-5.002700
-4.142477
-1.346705
-1.599577
-1.629163
-3.433575
-1.970432
-4.425728
1.453278
-3.774775
-2.858838
-2.166528
-2.204634
-6.765330
-2.435231
-1.560309
-0.497913
-3.566454
-1.596352
-2.268030
-4.739283
-0.134431
-0.903321
-5.753232
-5.215362
0.745251
-3.368765
-2.637908
0.454128
-1.003522
-3.472764
-3.111813
-3.194990
-1.510013
-3.326994
-1.236472
-0.395061
-3.409600
3.083207
-3.488352
-0.851339
0.295934
-1.179091
-3.878742
-3.432635
-3.978448
-2.846923
-2.642104
2.761315
-4.529788
-5.808662
-3.146472
-0.860004
1.115450
-2.805531
-1.897196
-2.535644
-5.588296
-3.323757
-5.284827
-1.530408
-4.714879
-0.881817
-1.135910
-4.279300
-2.271425
-6.571169
2.239176
-3.780147
-4.977449
-1.197469
-2.731660
-3.194165
-3.014810
-4.457606
-1.944266
0.415138
-2.381530
-3.158362
-5.410355
-8.720841
-4.726114
-1.736017
2.149479
-2.565910
-5.018779
0.592507
-2.497520
-0.800114
-0.854795
-0.531162
-1.484487
-2.607589
-2.217855
-0.587083
-0.760562
-1.480896
-6.712300
-0.759238
-2.423167
-2.902264
-3.663833
-2.320717
-1.615544
0.836840
-5.071107
-0.171415
0.299617
-3.567855
-1.857567
-2.371582
-2.839618
-4.184730
1.820769
-2.414935
2.893029
0.928077
-3.299653
-5.080019
-3.051085
-2.196743
0.076543
-4.263919
-2.834046
-3.573597
-1.295578
-2.979117
-2.752362
-2.966403
-2.521424
-1.179914
-4.842214
-3.449898
-3.539104
-3.684536
-3.747726
-4.745584
-4.437945
-3.369549
-4.836905
0.732336
-5.309218
-3.887491
3.437710
-1.428136
-3.115161
-2.677753
-3.108554
-4.390133
-2.961060
-5.074917
-4.694549
-8.027762
-1.272175
-2.546183
-1.914082
-2.811056
-5.759258
-4.794375
-2.049048
-0.667085
-1.462440
0.752461
-1.418911
-4.819285
-1.968955
-3.367896
1.393382
-4.626336
-1.130424
-4.016780
-0.418848
-1.701589
-0.735259
-5.093367
-3.932624
-3.610476
-3.316476
-4.745219
-4.212964
3.982898
-2.119117
-3.331799
-4.599097
-3.788241
-1.684391
-3.067222
-3.194375
0.187947
2.055721
-2.502148
-2.229253
-2.314749
-4.022572
-3.563265
3.211082
-1.318993
-4.474772
-2.024051
-2.968265
-5.982147
-2.239697
-2.557990
0.294577
-3.178753
0.190588
-3.924485
-2.223616
-2.516392
-3.817784
0.580698
-3.079375
-1.970810
-0.520417
-0.118972
-2.898852
-3.895746
-3.198503
-1.878484
1.193107
-0.644393
0.118174
-1.789149
-3.303974
-4.165306
-5.658121
-2.814152
-2.043154
-0.027043
-3.049526
-2.738056
-0.111971
0.004282
5.346836
-2.778939
-5.216022
-5.920018
-0.060179
-1.450653
-2.237329
-3.662549
-1.209539
-2.610616
-3.768584
-1.985045
-4.778895
-0.492753
-3.268875
-4.968045
-1.586809
-6.574131
0.174156
-3.803795
-2.017591
-1.199467
-0.546250
-1.410638
-3.688640
-4.232790
-3.488667
-3.905708
-7.097825
-4.557755
-4.121184
-1.440359
-5.529315
1.907523
-3.190741
0.861685
-1.296644
-2.941434
-2.499291
0.858547
-5.215156
1.085278
-4.666935
-4.180135
-2.301969
0.280396
-0.950329
-1.515836
-3.423571
-5.223012
-1.946283
-2.896509
-1.505438
-2.335776
-2.014639
-1.333977
-0.838365
-2.974217
-1.612310
-4.582803
-1.897691
-1.888124
-4.864839
-6.867717
-2.105930
-2.880189
-2.983025
-1.947326
0.492389
-3.535319
4.013104
-5.650800
-3.255131
-4.068067
1.004691
-4.586192
1.050128
-4.728137
-3.745189
-2.137774
-0.670262
-3.821086
-4.297650
-6.473179
-0.025662
-3.482092
-2.117253
-1.074351
-1.583921
-6.052143
-4.949433
-1.092561
-1.745200
-2.635757
-1.311864
-4.532071
-4.070315
-5.552385
-0.217920
-1.860132
-1.726933
-2.704334
-3.889055
1.982904
-2.847824
-0.218222
-5.263841
3.287624
-1.469792
0.088470
-0.949820
-4.159501
-3.540830
-4.258331
-2.077971
1.630805
-0.856402
-3.510737
-5.263088
1.208936
-4.144979
-2.860910
-3.604918
-2.550111
0.936428
-3.173633
-2.126262
-0.677381
-5.013166
-3.141966
-1.778895
-7.612084
-2.394054
-0.006820
-2.834615
-5.105096
-1.298111
-2.427690
-3.122815
-4.998686
-1.466977
-2.754658
-1.730680
-1.343181
0.353861
-2.390887
0.911834
-5.829940
-0.969334
-2.705841
-2.230405
-6.668697
-4.486588
-4.655222
-2.318497
-0.117860
-2.086435
-5.750398
-7.052931
0.437899
-1.026976
-0.243511
-1.786462
-2.545263
-2.107085
-1.867255
2.367187
-3.078950
-2.214909
2.419542
-2.321701
-3.590350
-3.211465
-5.818305
-3.654673
-3.002883
-4.524063
-2.465429
-3.647995
-5.422019
-2.110605
-1.200663
-5.122202
-4.745746
-0.529889
-2.600144
-1.551566
-3.505222
-3.739789
-1.836146
-2.927448
-2.773900
1.602489
2.112878
-2.626684
-3.183908
-0.530136
1.982136
-2.838581
-3.151939
-1.001224
-1.266777
-3.180334
-4.680359
-4.941081
-4.744019
-2.132420
-4.528452
-6.688812
-2.745039
0.123251
-3.803747
-4.130044
-1.717240
-1.282930
-3.637965
-2.022748
-3.815610
-2.880692
-3.188649
-2.106691
-2.267012
-1.886472
-2.252336
0.414825
-7.895036
-0.716205
-0.914062
-3.688587
3.390461
-2.905776
-2.768048
-1.941102
-5.239175
-2.315035
-3.601129
-1.858452
-4.057864
-1.651597
2.536856
-5.874541
-4.440324
-1.680204
-1.807623
-2.561337
-2.000309
-3.091044
-4.072744
-3.387509
-3.887338
1.344941
-3.902837
-4.579639
-1.618807
-5.358737
-3.336460
-3.742349
-3.029998
-3.079626
0.613806
-1.893095
0.819336
-5.562956
-4.805880
-3.640066
-1.177513
-1.110977
-3.547125
-4.819964
-1.309913
-3.478187
-4.264844
-4.164452
-3.674766
-2.391320
-2.093914
-1.601276
-2.413533
0.364239
-3.522638
-2.262377
-2.631016
-3.376210
-2.348704
-0.869942
-3.260701
-2.477451
-1.287623
-1.043463
-3.479174
-3.741881
1.369715
-2.668320
-2.546834
-2.659928
0.917941
-3.050555
-1.291033
-1.848864
-3.136328
-2.713972
-2.970953
-4.368820
-5.358979
-2.490157
-2.019655
0.196128
-1.982043
-2.662895
-1.862869
0.039895
-2.346660
-3.146044
-0.420548
-6.955504
0.236316
-3.746130
-3.461364
-2.687821
0.167059
-4.858186
-4.621914
-3.152848
0.181021
-1.918614
-0.770782
-4.121641
-6.843433
-1.033716
-2.796701
-0.305108
-4.255689
-3.178900
1.510146
-2.089184
-3.461286
-4.816291
-5.613520
-3.031081
-2.449430
-0.166794
-4.288488
-1.064925
-5.241063
-1.326743
-0.484793
-3.435781
-3.660187
-2.514290
-4.595066
-3.135332
-1.796972
-4.786534
-2.963054
-0.504080
-3.447092
-1.610003
-4.285273
-3.206115
-2.713336
0.039750
-0.808468
-1.833244
-3.108212
-4.899409
3.170870
-0.322175
-1.651493
-3.428904
0.614525
-3.591265
-5.106977
-1.542111
-0.982439
-1.900884
-3.637471
-3.845327
-3.790716
-0.848932
-3.504814
-3.899721
-4.229598
-1.336152
-4.061711
-3.895004
-0.230081
-3.575995
-2.936388
-3.991197
-3.138509
-4.978050
-4.317809
-4.168209
-0.250322
1.299135
-2.840635
-4.796128
-5.793847
-5.679125
-4.959014
-6.642391
-0.205932
-1.252461
2.389786
-4.999800
1.757204
-3.224778
-2.668923
-2.216659
-0.918603
1.592960
-5.025963
-1.019713
-2.489256
-5.651422
-2.865061
0.674169
-4.041637
-3.793055
-4.056836
-3.477142
-3.539480
0.533378
-3.791073
-4.881757
-2.653495
-0.783480
-1.057945
-4.665966
0.323028
-0.557495
-1.937447
-5.394232
0.999595
-3.285628
-5.247797
-8.123959
-1.063818
0.327226
-2.902860
-2.111437
-0.694912
-2.146790
-3.752849
-5.093460
-7.399988
-4.320202
-0.541689
-0.203707
-0.824824
-2.457873
-5.782814
-4.161262
-1.967350
-5.312040
-2.894166
1.399460
-4.950327
-0.348500
-2.852532
-3.875842
-2.775113
-5.089748
-5.575860
-1.411180
-1.776932
-2.943914
-5.265953
-4.049141
-1.611541
-0.057096
-4.586922
-5.200388
-5.264241
-3.561829
1.985326
-0.935420
-2.930071
-3.430626
-6.733676
-1.748591
-3.273746
-2.392496
-3.576376
-2.411004
2.296811
-6.661374
-2.364197
-3.416049
-5.232075
-0.143609
-2.553545
-3.183543
-0.488079
-3.509913
-1.720826
-0.229765
0.056109
-1.623749
-4.383472
-3.009122
-4.803354
-0.967546
-2.763753
-5.793558
-3.360849
-6.078763
-0.675252
-1.578690
-4.712667
-3.543712
-1.656076
-1.311524
-0.537202
-2.702017
-5.329421
-1.021495
-2.566421
-2.798704
-0.263783
-5.394719
-2.908875
-1.342779
-3.368052
0.343677
-3.156406
-2.479429
-3.111242
-3.379402
-4.324873
-3.119971
-2.411005
-4.543212
-4.092936
-1.301075
-3.192459
-2.721946
-1.759060
0.761907
-2.157464
-3.549190
-4.813426
-4.147333
-1.133427
-3.411047
-3.295815
-3.710427
-6.163236
-2.928015
-1.987775
-2.918723
-1.124494
-5.059169
-4.709046
-3.523129
-3.911685
-4.616926
-3.215694
-0.441815
-1.752864
-3.988378
-4.639374
-3.575889
-3.035435
-4.066015
-7.583719
-2.831089
-7.135809
-5.395555
0.095100
-2.653403
-1.474213
-4.248741
-3.966763
-6.361257
-4.121155
-1.724646
-2.058754
-3.583812
-2.150807
-2.260128
-4.038809
-3.849560
-1.353233
-3.747738
-3.714926
-5.023682
-1.735172
-0.353869
-2.507490
-2.061955
-1.852575
0.107281
-1.098892
-2.802718
-4.648320
0.760042
-1.648202
-2.101471
-6.579890
0.780974
-2.063666
-1.259507
-4.321776
-3.394340
-2.521724
-5.622828
-1.409371
-2.288568
-5.229228
-5.197043
-3.400869
-1.373374
-3.035155
-4.014863
-4.026862
-3.435726
-6.307601
-3.470355
-4.902902
-1.103855
-1.642080
-3.387517
-3.350050
-3.162548
-2.389558
-5.831299
0.081109
-5.091647
-1.717765
3.380232
-3.634421
-0.519184
-3.377626
-4.004257
2.701604
-3.051154
-2.849649
-2.602930
-5.313295
-4.392745
-1.986337
-2.837923
-3.177670
-5.685523
-3.149908
-4.646708
-4.908584
-5.579949
0.392857
-5.158440
0.485220
-3.766268
0.043278
-0.780851
-0.234589
0.076474
-5.400080
-0.171488
-1.414565
-1.788685
-4.180643
2.754899
-2.669924
-3.349055
-2.104063
-3.158439
-4.428394
-4.829651
-3.187299
-3.649802
-0.748067
-0.999203
-2.864721
-3.420637
-3.651037
-1.984146
-7.587646
-8.282668
-3.974834
-2.551134
1.315958
-3.507668
-2.428472
-2.919308
-1.331147
-2.745491
-3.240490
1.562413
-5.289048
-4.023131
-2.223487
-2.840456
-5.405471
-5.895872
-3.892220
-0.313099
-4.769608
-4.084547
-6.320724
-2.814597
-3.652746
-5.654532
-0.957677
1.284123
-2.094368
-1.494133
-1.676814
-4.252355
-3.923171
-3.654398
-1.709272
1.202789
-2.530541
-3.603410
1.029346
-2.857014
-1.115186
-4.730089
-6.186020
-3.689314
-6.751631
-4.432882
-4.652954
-2.377405
-1.004693
-3.616745
-4.527921
-4.135210
-3.035066
-1.030148
-1.153013
-2.978152
-1.748853
-4.544066
-0.417059
-4.317181
-2.716653
-2.681764
-2.792794
-4.379698
-0.500482
-6.667273
-3.098102
-0.884628
-2.868996
-0.941651
-0.849589
-5.092735
-1.864383
-0.588688
-1.747774
-3.616722
-5.244329
-1.241717
-1.181237
1.201837
-0.622393
-5.045621
-4.896537
-3.841503
-2.774937
-5.075577
-1.295360
-5.708563
-1.469195
-3.469302
-2.559208
-3.586035
-3.148482
-6.667395
-2.376714
-0.357776
-3.980904
-1.665192
-2.201701
-2.342483
-4.351714
-0.303790
-1.382754
-4.334312
-3.885902
-2.095130
-2.828831
-1.879688
-4.560656
-2.903597
-3.333758
-2.884414
1.459125
-3.367576
-0.870364
-3.802718
-2.490432
-0.533646
-1.330431
-3.953858
-4.117601
-8.174810
-2.465043
-2.791448
-2.049920
-3.885081
-2.850455
-4.085017
-4.471612
-7.450849
-4.010583
-3.084705
-4.087647
-2.588979
-2.458515
-2.598940
-3.292656
-2.246166
-3.024192
-1.202068
-2.083225
-3.084156
-4.424518
-4.302252
-4.237144
-2.252263
-3.897123
-1.888890
-1.340746
-3.116209
-5.224995
-1.419563
-2.014589
-2.031987
-6.813662
-3.270521
-2.500491
-2.624397
-2.852935
-1.516299
-1.267600
0.444845
-4.420704
-4.171261
1.200616
-2.218956
-3.361403
-3.634691
-1.844153
-2.441258
-2.020832
-2.974410
-4.993543
-3.408612
-4.314277
-7.419800
-3.963510
-2.535101
-2.015746
-1.144012
-3.615124
-3.842628
-2.203558
-0.041307
-5.131636
-3.679245
0.895313
-1.964902
0.794205
-2.923997
-3.615156
-6.963744
-3.775403
-3.484770
-5.255872
-3.039797
-2.559646
-2.968731
-0.539935
-2.615362
-2.012463
-3.208379
-2.367840
-2.456248
-2.597437
-0.615260
-1.625593
-4.388628
-4.639808
-4.483048
-0.733976
-5.638755
-2.590932
-1.786501
-4.002896
0.156350
-4.316895
-5.705664
-2.879987
-7.033663
-5.289397
-1.656718
-1.800234
-1.878114
-5.282465
1.413541
-6.807909
-5.379386
-2.816462
-3.779312
-4.333224
-0.784909
-0.975125
-0.180815
-5.644118
-4.845043
-4.343634
-4.734054
-5.060407
-2.887619
-1.661175
-2.536708
-2.518537
-0.362181
-0.433162
0.227776
-3.717824
-2.552083
-4.832076
-3.379963
-3.489528
-1.492586
-2.327599
-5.528630
-5.783147
-3.296679
-3.444073
-2.854729
-0.000425
-1.633209
-3.972311
-3.172835
-1.567495
-2.740897
-0.014497
-2.485060
-4.491768
-5.983799
-5.712123
6.857951
-3.200213
-2.933360
-3.394123
-4.997055
-2.552862
-3.515007
-3.419410
-1.431976
-4.733866
-3.994413
-2.824029
-0.478837
-4.065613
-2.532419
-3.642835
-5.054857
-4.603112
-2.012098
-6.045041
-3.483864
-4.053391
-3.316322
-3.138075
-0.628983
-2.489605
-5.376601
-2.160133
-2.662106
-4.366450
-2.739321
-2.722924
-0.008573
-2.996476
-6.280230
-4.019531
-2.672113
-2.390670
-0.936286
-6.038508
2.135819
-2.610201
-2.755731
-3.179369
-3.120558
-3.473914
-3.368947
-3.051775
-2.148435
-3.829529
-1.811244
-2.158836
-5.013264
-2.203045
-2.001727
-3.556213
-7.011835
-0.616073
-2.064633
-2.515550
-3.466523
-1.878417
-1.963282
-1.909940
-1.339153
-3.489935
-2.734138
-2.410009
-3.002804
-4.950212
-4.538282
-2.800900
-2.353952
-4.610910
-4.872375
-4.015975
-3.418317
-1.110498
-5.029713
-5.243865
0.378704
-6.038368
-2.904776
-2.839232
-4.033477
-4.542116
-3.101068
-2.455710
0.884634
-2.440594
-6.553909
-1.181432
-1.729798
-2.267851
-4.983975
-4.266459
-0.461575
-2.444919
-0.557743
-3.488820
-3.855662
-4.231776
-5.788186
-5.728446
-1.009902
-0.766763
-3.272782
1.613990
-1.564706
-4.565598
-0.960872
-3.937124
-1.806900
-1.621142
-2.417268
-4.560336
-3.501238
-3.192796
-2.058055
-0.250252
-2.934418
-2.006616
-4.687165
-3.103065
-3.449014
-3.967792
-1.728813
-3.854824
-2.345166
-0.872920
-3.451415
-5.997018
-3.085819
-2.966874
-4.232454
-4.997750
-2.976379
-3.422618
0.782970
-3.268953
-3.029123
-0.667649
-3.157124
-2.958223
-3.781486
-2.701159
-1.691032
-6.854333
0.148030
-2.535403
-4.200820
-3.008162
-6.732574
-2.578220
-0.697742
-7.240903
-4.702563
-3.265557
-2.883195
-3.064548
-0.451534
-2.539307
-1.001061
-4.615281
-1.517478
-1.624239
-0.017900
-2.726146
-1.571543
1.653980
-7.447489
-6.278549
0.373554
-3.350195
-2.886085
-3.709818
-1.323421
-0.616726
-3.976445
-3.122057
-3.912853
-1.142473
-2.810135
-3.928170
-6.453855
-2.351795
-3.601692
-1.227960
-4.356833
-4.054398
-2.965952
-0.243672
-3.709451
-5.432218
-2.756851
-4.456029
-4.776450
-0.712386
-1.756984
-3.940708
-4.521109
0.568154
-1.535356
-3.875311
-4.005911
-2.046255
-6.378063
-2.710294
-5.703945
-2.932043
-2.508734
-1.852621
-3.695645
-2.866337
-2.743284
-3.107775
-3.875285
-4.694214
-3.469440
-4.337269
1.510265
-6.723147
-2.045575
-0.401884
-3.755677
-0.811615
-2.957345
-1.720344
-4.910304
-3.830067
-5.267942
-2.057798
-8.771597
-4.748068
-3.476449
-7.422642
-2.862148
-3.302144
-1.460010
-1.978972
-3.474890
-1.921014
-3.380652
-4.946023
-3.082371
-1.845424
-2.044499
-2.172243
-2.420244
-3.605542
-3.282271
-2.657342
-1.173797
-5.302857
-2.108605
-3.669569
-3.378122
-1.014737
-1.599038
-1.397831
0.670801
-4.768337
-1.420722
-3.567736
-4.706598
-2.406660
-4.672602
-4.057095
-0.745284
-3.382720
-6.674100
-3.672069
-2.722223
-3.025874
-3.663160
-1.830395
-3.138509
-1.728619
-3.125053
-3.746863
-5.176424
-2.531337
-1.398696
-4.024983
-3.480002
-1.883482
-2.712210
-3.836204
-2.247963
-2.373498
-1.922877
0.739573
-3.442735
-2.498084
-4.275695
-4.201892
-2.779531
-3.899648
-1.491557
-1.256485
-1.512503
-1.478795
-2.529885
-3.405214
-2.238750
-5.903862
-1.136750
-0.941918
-2.737190
-3.372926
-3.703304
-5.981263
-1.342990
-5.664997
-2.077024
-1.623950
-1.717955
-4.291279
0.437140
-4.142605
-5.907092
-2.542755
-1.566453
-3.731902
-5.107957
-1.745075
-0.155551
2.738378
1.433002
1.305086
0.331013
-2.436549
-5.430985
-3.001027
-1.234151
-2.385991
-0.625112
-4.466779
-1.693146
-3.184834
-0.193658
-1.570999
-3.229376
-4.253877
-2.397415
-3.930964
-7.481438
-5.790155
-0.938381
-6.881862
-2.801340
-3.559875
-0.614291
-2.605108
-5.096878
-0.299143
-3.995284
-3.561932
-6.820292
-2.544651
-4.689319
-3.499500
-4.310294
-5.131746
-5.401883
-0.960671
-2.866983
-0.521704
-3.473261
-4.367446
-2.750867
-2.577438
-3.921279
-2.230782
-5.021734
-1.321738
-4.634900
-5.448113
-2.141139
-4.239193
-6.129820
-4.329209
-5.323383
-3.929298
-1.850231
-1.297397
-3.620983
-2.139690
-2.613668
-4.750066
-1.140052
-3.380036
-4.858521
-5.567431
-5.036485
-3.233832
-1.282434
-2.774199
-4.122926
-5.974102
-1.053615
-4.403406
-6.724231
-4.033363
-3.277783
-1.668498
-4.421542
-0.796289
-1.509343
-6.547625
-1.731753
-1.068357
-0.716088
-3.025132
-5.493188
-7.373178
-1.293702
0.004958
-4.739875
-1.672879
-4.051157
-2.801009
-5.911388
-4.091281
-1.842011
-0.829221
-4.774156
-3.217923
-3.455047
-2.272757
-2.584436
-4.567703
-2.334263
-0.468154
-0.787277
-1.030676
-5.315038
-3.970550
-4.463878
-2.817892
-5.318778
-6.607446
-4.847342
-2.142834
-3.245966
-7.393728
-3.360347
-2.259391
-1.758327
-4.786754
-3.105793
-4.550817
-4.783772
-2.296961
-4.547696
-5.028259
-4.393802
-4.714314
-1.334013
-3.911034
-5.480474
-2.357856
-2.617832
0.309970
-4.096679
-5.400079
-4.418913
-5.255898
-2.888674
-3.942927
-3.993265
-1.844220
-5.108052
-4.096736
-4.693300
-3.259979
-4.838959
-3.858715
-3.965193
-6.439853
-4.329737
-4.076447
-0.704464
-4.314973
-3.316543
-3.861972
-4.352183
-4.972267
-2.757029
-1.092470
-1.470035
-0.540002
-3.457099
-4.167634
-1.628720
-2.870616
-2.982750
-3.516679
-1.259528
-2.688032
-3.022576
-0.185530
-2.046714
-0.257715
-2.988528
-1.784815
-3.167894
-3.772123
-6.869085
-3.227739
-3.855258
-3.685744
-4.659959
-4.078099
-0.357145
-2.963818
-3.667969
-2.529622
-1.797923
-5.263670
-3.459294
-3.106688
-5.094763
-4.722309
-2.916043
-5.925289
3.825745
-4.621133
-1.822358
-2.763037
-4.272082
-2.448732
-2.624137
-4.560260
-0.522629
-3.631493
-7.388414
-1.323702
-3.135795
-2.997525
-1.577901
-1.395797
-2.891824
-3.633494
-1.725939
-4.542874
-1.946311
-3.270927
-0.941228
-3.798756
-2.551714
0.310331
0.583291
-3.585275
-0.962860
-4.982344
-3.642814
-1.772558
-2.995118
-0.701324
-3.247114
-1.242977
-3.726142
-4.215919
-4.486645
0.875428
-2.126021
-4.984192
1.250329
-4.759106
-3.430825
-2.105974
-2.799998
-2.252093
-4.015007
-1.439867
-4.305700
-3.518608
-0.716384
-1.900056
-3.514954
-4.079807
-5.512729
-3.067037
2.327392
-1.039061
-3.786417
-2.246729
-5.269629
-3.981553
-1.523331
-3.663672
-2.343791
-5.219919
-0.421084
-3.122907
-2.322956
-2.190555
-3.923684
-1.861345
-3.536794
-5.231750
-3.107714
-0.948730
-4.675285
-1.644850
-1.547522
-5.105239
-1.812224
-4.288709
-2.900743
-3.858284
-5.056467
-4.575744
2.555045
0.097376
-4.183239
-2.724724
-5.079058
-2.353043
-3.325733
-4.028581
1.738104
-3.024012
-3.155149
-4.293180
-3.435784
-7.141725
-2.488853
-4.407380
-2.484495
-1.587624
-2.583833
-4.537248
-2.591226
-1.897912
-0.153518
-2.769328
-0.093722
-5.687436
-3.118913
-1.230854
-4.682096
-2.381162
-2.120014
-4.516558
-4.963714
-2.776040
-1.312487
-5.402315
-4.401412
-1.999674
-3.380469
-0.300372
-3.800079
-2.840111
-1.243381
0.912596
-1.948223
-4.804811
-2.646732
-4.866513
0.300620
-1.473111
0.548965
-2.663119
-5.058173
-3.034166
-1.229759
-1.939642
-5.204843
-1.872119
-4.104073
2.520489
-3.150912
-4.498684
-5.964690
-5.317015
-4.341466
-2.634171
-5.851580
-2.891114
-1.514067
-5.337544
-5.932317
0.951677
-5.210073
-4.407164
-4.373402
1.790941
-6.031995
-0.980884
-3.510787
-1.906239
-1.979436
-3.911492
-2.282534
-1.402745
-5.477988
-2.122244
-4.836360
-1.370519
-3.315981
0.620121
-2.017437
-2.636155
-1.452480
-3.197458
-1.170369
-3.437448
-2.522089
-2.523726
-3.147146
-6.583372
-3.183136
-2.791692
-3.349198
-3.050959
-2.894837
-0.358749
-2.606594
-1.485331
-2.987059
-5.084326
-2.150490
-2.692890
-5.256800
-2.322579
-4.633976
-2.750635
-4.368279
-2.643624
-3.228353
-5.177482
-3.988856
-4.866004
-5.116636
-2.481371
-2.423368
-6.552672
-5.998369
-4.475159
-3.701360
-2.351281
-3.571876
-0.086200
-1.976839
-2.871481
-3.163341
-1.881061
-2.827888
-0.971569
-5.057108
-1.572448
-4.189770
-3.824976
-1.788881
-5.682569
-6.360908
-5.280866
-0.754565
-6.394264
-5.167427
-4.936680
-0.792655
-0.286693
-2.013625
-1.168197
-4.384359
-1.042334
-1.584968
-4.605277
-3.129725
-1.187096
-5.885607
-4.934959
-3.401813
2.068368
-1.128717
-3.098137
-3.695387
-2.978641
-2.877743
-6.000748
-2.110677
-2.902576
-2.014802
-1.107340
-5.510156
-4.057331
-4.592733
-6.593732
-4.969254
-2.910184
-5.441961
-5.521870
-2.951638
-4.125793
-5.026911
-2.649150
-5.605289
-2.952478
-4.317875
-3.857534
-4.379804
-3.450240
-0.620672
-4.596930
-2.299986
-5.030045
-0.490759
-4.803291
-3.109410
-3.638040
-1.079278
-2.856601
-2.576759
-2.745184
-3.792779
-3.231246
-2.802819
-3.815500
-2.100091
-4.955872
-1.401805
-6.335127
-2.423856
0.291430
-3.345464
-3.838235
-3.781029
-4.045033
-3.177576
-6.584189
-0.833343
-4.241104
-4.922884
-2.252236
1.320190
-2.439811
-4.500299
-2.946724
-2.915735
-2.660151
-2.596747
-2.953611
-2.999708
-4.312751
-2.887218
-5.557881
-4.008141
-2.236276
-3.633657
-5.335209
-0.771121
-4.281134
-6.208186
-3.041412
-4.649983
-4.235937
-2.472676
-5.766948
-5.027115
-2.437850
-4.769292
-4.292165
-1.929067
-4.130640
-0.957208
-4.100203
-3.227387
-6.151815
-2.582609
-2.849117
-4.050910
-2.346165
-4.056421
0.093407
-2.086307
-3.749947
-1.747968
-1.152700
-2.678384
2.703114
-4.811661
-2.596036
-5.048523
-5.134192
-2.808453
-3.925311
-2.116236
-3.149527
-5.725051
-0.643277
-3.923326
-4.381719
-3.194258
1.788829
-3.195783
-5.233792
-1.580159
-0.875042
-3.043581
-6.561388
-4.158371
-5.567350
-5.600161
-3.312338
-1.335235
-2.448231
-3.626907
-4.314360
-3.330915
-4.321201
-3.254308
-4.669284
-4.583858
-0.899553
-4.674453
-2.131537
-1.836453
-4.741745
-3.190549
-4.380424
-3.406913
-4.497327
-3.232636
-5.486545
-2.877631
-2.363456
-3.801207
-0.574043
-4.838819
-2.703566
-1.629412
-4.600485
0.674105
-2.511642
-4.005425
-1.965699
0.316293
-3.817177
-0.397757
-0.581162
-3.954286
1.166425
-1.250398
1.448419
-4.466243
-3.879442
-1.331006
-3.372345
-3.116045
-3.069234
0.186470
-4.440874
-5.493844
-0.007698
-4.329913
-2.826416
-3.785140
-3.360799
-4.211793
-6.996068
-5.476499
-2.394703
-4.658558
-2.517127
-2.737178
-4.659041
-1.333208
-2.121016
-2.489139
-2.044344
-1.885950
-1.713472
-3.208000
-4.401830
-2.281034
-2.426478
0.463995
-2.548144
-3.868177
-4.021958
-1.126348
-3.378602
-2.641587
-2.311445
-3.697374
-3.686754
-0.094876
-5.705890
-1.714845
-3.140233
-1.755384
-5.465928
-5.877742
-6.940941
-2.903195
-1.142522
-5.203520
-3.000372
-6.525190
-1.227274
-5.551176
-0.792516
-1.685938
-5.399125
-6.470487
-0.897999
-3.420895
-3.318686
-4.759316
-3.637609
-1.599183
-0.376712
-0.396252
-4.010561
-4.546979
-4.131403
-2.733977
-3.320721
-0.752737
-3.671246
-3.275985
-3.374308
-2.176635
-1.665357
-7.311402
-2.226689
-6.461121
-5.712653
-3.695412
-4.303895
-3.258496
-3.012049
-5.356095
0.040165
-3.457303
-3.802421
-5.409413
-3.519885
-4.119874
-2.107710
0.349891
-5.556462
-0.700962
-5.079597
-3.029322
2.283576
-1.184117
-1.614356
-3.492752
-5.658231
-3.131087
-6.241492
-6.690998
-5.111559
-4.514584
-4.056964
-1.820975
-3.336984
-3.492962
-3.874407
-4.488741
-1.939422
-3.316648
-1.245805
-5.833913
-3.292216
-1.876005
-4.848909
-1.655293
-3.469653
-4.131741
-1.878657
-1.442448
-4.750161
-3.633404
-3.990576
-5.555502
-2.288793
-1.646150
-3.524797
-2.409804
3.568960
-3.279362
-1.271290
-1.967824
-2.376022
-3.046995
-3.267447
-3.534729
-3.681389
-4.402658
-4.191300
-4.029456
-1.134146
-3.972414
-2.895425
-3.229096
-5.248128
-2.933691
-1.336738
-4.534610
-2.638619
-3.105469
-2.728763
0.181695
-3.267116
-4.842622
-3.614415
-3.309799
-2.526147
-3.869157
-3.493751
-2.322387
-4.494919
-4.212615
-1.398367
-3.319925
-2.058644
0.125672
-2.574672
-4.219041
-3.383981
-4.237890
-4.495253
-5.004916
-3.776294
-5.503414
-4.063991
-3.433399
-6.289435
-0.255827
-2.867640
-0.653783
-4.492095
-3.740957
-0.959154
-3.414196
-6.550665
-3.639492
-3.571720
-2.566668
-4.030182
-4.076979
-2.365736
-4.029479
-2.588641
-3.672317
-2.267128
-3.713752
-1.885412
-1.646357
-2.724319
-2.297163
-1.167162
-2.235669
-4.770762
-3.760172
-2.829898
-4.144794
-2.640301
-2.442444
-2.416327
-2.652837
-4.529326
-2.449620
-2.070567
-5.373589
-5.116517
-2.898629
-3.099769
-2.077734
-6.044086
-4.282988
-1.130408
-2.981533
-5.084215
-2.873447
-2.892986
-1.467788
-4.452120
-2.769796
-3.010483
-3.776910
-0.412575
-2.598351
-1.305378
-2.998221
-0.273734
-2.334299
-2.970227
-2.085145
-3.791612
-5.736918
-2.877342
-4.633450
-6.102920
-2.383583
-3.474076
-4.554331
-2.891118
-3.027119
-0.841961
-3.685643
-1.993534
-0.500908
-2.093266
-4.190212
-1.001729
-3.198469
-0.826145
-2.365239
-2.018952
-3.910171
-3.439367
-1.247429
-4.203983
-4.525383
-2.583544
-4.047378
-3.657951
-4.916355
-5.266214
-3.053204
-3.449177
-4.351221
-1.310870
-4.092389
-2.384766
-1.104172
-2.541345
-4.562756
-3.349846
-4.172073
-2.182218
-0.674212
-3.100794
-2.945374
-2.054077
-4.536785
-3.145782
-1.768872
-2.216447
-3.046494
-3.945137
-1.356959
-2.639958
-1.577964
-6.220802
-4.527821
-1.316827
-1.096265
-3.974387
-3.910685
-2.181935
-1.310144
-4.561373
-3.453505
-0.805885
-3.287597
-3.506493
-4.903594
-3.185516
-3.523298
-3.601544
-4.800211
-4.598558
-2.548288
-3.368652
-2.999103
-3.366013
-2.171923
-4.496853
-3.282245
-3.268744
-5.116067
-5.411926
-2.866590
-2.270767
-3.800978
-3.908554
-0.685407
-2.551978
-2.514455
-1.498518
-3.861060
-4.679153
-1.800041
-1.529781
-1.643696
-3.057579
-4.551474
-2.227957
-1.576324
-4.511563
-2.516545
-2.089950
-1.472698
-3.569301
-2.315547
-5.372747
-7.047386
-2.127140
-2.830807
-4.997509
-5.080369
-3.886728
-4.875847
1.787032
-4.207740
-4.046050
-5.875246
-2.067315
-1.880422
-5.529025
-3.428740
-0.815852
1.822234
-4.552245
-2.636274
-5.196872
-2.633079
-1.811700
-6.323301
-4.037730
-5.278464
-5.163537
-2.346322
-3.043078
-2.787137
2.538710
-0.808260
-0.631319
-4.435722
-3.336609
-3.984401
-4.043981
-3.774117
-3.427480
-4.331949
-2.561782
-6.079208
-4.219946
-6.386610
-4.765543
-2.105215
1.625540
-2.032644
-4.341442
-1.488028
-5.217560
3.384234
-5.247053
-2.309499
-5.127404
-3.423764
-4.819538
-2.786515
-4.370671
-0.051973
-3.474772
-2.641465
-1.253067
-4.512919
-1.729914
-6.679987
-2.783101
-3.344699
-2.724782
-2.955699
-0.762325
-2.253512
-0.508103
-3.406696
-3.198378
-4.059327
-3.868967
-2.373047
-2.336319
-1.879124
-3.804581
-2.294583
-1.408031
-3.487045
-1.198412
-0.763164
-5.053926
-2.190686
-2.245235
-4.179087
-5.283634
-3.243140
-1.520535
-3.496833
-3.437656
-6.045502
-4.755036
-2.515516
-1.153895
-3.262371
-2.659034
-2.602513
-2.954363
-1.871771
-1.902426
-3.182062
-3.915389
-2.600916
-2.012969
-4.043476
0.586824
-2.261797
-2.337351
-4.451734
-2.772341
-0.791536
-3.449221
-1.240583
-1.268184
-1.947341
-2.713974
-4.789998
-2.903837
-2.790437
-2.280954
-3.083293
-3.782985
-3.917666
-2.744806
-3.369181
-3.043276
-1.511717
-1.703487
-2.039395
-1.269601
-1.694202
-5.742847
-0.443174
-2.060882
-2.262027
-3.910255
-3.613198
-2.041383
-2.784473
-3.883844
-3.137410
-4.731061
0.615421
-2.868611
-3.145044
-3.487610
-3.666710
-2.241508
-3.047090
-1.192580
-1.318634
-2.832219
-4.393862
-2.631157
-4.450463
-3.468587
-3.009756
-2.186288
-3.499501
-5.828210
-4.573287
-3.331297
-4.121073
0.644864
-5.035066
-2.184959
-4.694137
-2.371486
-1.223136
-6.233859
-5.009143
-1.913266
-3.337699
-3.000395
-4.496700
-4.656378
-2.273954
-5.390876
-3.011795
-4.706859
-3.592487
-3.075713
-4.541198
-5.034193
-2.909714
-1.670945
-0.846157
-1.506052
-2.229923
-4.436555
-2.259035
-2.778319
-5.621901
-3.156025
-2.074972
-4.063749
0.500531
-5.263355
-2.613248
-3.832064
-3.165497
-3.591642
1.742557
-3.674762
-3.282490
-5.911155
-2.153609
-6.205110
-3.597655
-1.016043
-2.585497
-3.163763
-1.642609
-3.067138
-6.045524
-3.592641
-2.559781
-4.825666
-2.900961
-4.144191
-3.938241
-6.130811
-5.915831
-4.069984
-3.050989
-2.962796
-3.840442
-0.875627
-1.331516
-2.074764
-2.160268
-5.059174
-3.547146
-2.462378
-4.332445
-5.630688
-3.484707
-3.932221
-1.014999
-2.206381
0.175589
-4.484374
-1.093217
-1.116928
-4.881995
-3.037919
-2.273328
-2.192079
-3.701257
-4.344038
-1.071645
-4.266479
-7.120286
-2.218150
-3.627336
-4.386038
-3.565884
-3.208703
-4.089090
-2.400409
-0.310811
-4.011803
-5.427504
-3.146867
-3.908929
-3.384555
-1.135084
-1.323230
1.147177
-2.982355
-1.797630
-0.320272
-4.365116
-5.147261
-3.602989
-3.456965
-6.392161
-3.441158
-1.918885
-4.269886
-0.261956
-5.138156
0.870491
-2.825325
-3.854313
-1.529126
-4.810524
-3.689020
-3.862665
-2.565142
-0.155503
-4.585900
-2.300298
-3.609986
-4.353112
-5.084598
-2.832075
-1.248619
-2.674238
-3.013463
-6.639597
-3.937941
-2.778775
-4.385254
-2.378974
-1.895564
-4.301848
-3.936405
-4.207728
-2.470506
-4.158824
-2.220993
-2.308815
-0.646574
-1.707273
-2.497594
-3.332781
-2.196662
-3.884059
-1.995261
-4.622606
-2.788383
-1.323091
-5.644772
-4.975274
-3.168842
-5.577808
-3.384716
-1.804308
-6.273776
-4.649958
-4.447310
-6.726645
-5.263151
-1.496971
-6.119431
-2.122086
-1.515191
-3.181715
-1.974144
-4.722520
-4.265218
-3.339508
-2.877537
-3.374770
-3.811670
-1.221237
-2.877504
-3.030480
-3.513618
-6.154995
-4.176660
-5.104317
-3.023684
-6.619019
-1.827515
-7.229178
-2.699687
-4.556282
-2.016214
-4.555018
-3.529310
-3.037344
-1.520855
-2.001766
-3.165524
-1.324883
-1.246714
-2.829714
