8
1 500 1000 200 42 777 13 99
-0.766337
7.111714
2.006919
-3.096288
-4.994977
-2.253381
-4.017269
1.946566
-3.097229
-1.607139
-2.971433
-4.125728
7.104508
2.430182
5.969331
-1.778292
0.914638
-1.116017
-1.395662
-2.711707
-0.583147
-1.304294
-2.424947
-3.118534
-3.308303
-2.813231
0.812612
1.959558
-3.870558
-4.193778
-3.505662
3.256610
-3.365658
-3.574341
-2.740828
-2.896820
-1.494123
-2.896009
-3.394221
-0.887982
-3.546402
-2.886252
-2.689666
-2.830084
-4.284567
-1.264624
-2.580406
-2.056638
-2.140432
-5.201703
-3.235754
-3.849840
-2.801939
-2.027707
-3.980615
-2.450560
-4.195002
-3.128666
-4.346966
-3.276403
-2.271165
-2.958245
-3.555799
-3.419532
-3.753386
-0.632359
-2.989922
-0.369296
-0.706851
1.547510
0.033864
-0.167602
0.210646
-1.722571
-0.165563
-0.172953
-3.029321
1.117143
-0.352433
0.376627
0.280924
-2.994131
-1.398341
3.460394
-3.089734
0.584359
-3.495613
-1.466508
-8.416383
1.993013
-0.454344
-3.541352
-3.559700
-3.279855
-3.467687
-3.597088
-2.820113
-3.503518
-4.159978
-3.535444
-4.767729
-3.511658
-3.376555
-1.973712
-3.733662
-4.222635
-2.999498
-3.509659
-3.890516
-3.852098
-4.876588
-3.487673
-3.551546
-4.345108
-4.137806
-3.150142
-3.854310
-3.537484
-4.171906
-3.160931
-3.479679
-3.549507
-3.718244
-3.675403
-5.045616
-3.238878
-3.425340
-3.106617
-5.968838
-3.225959
-3.939755
-3.559911
-3.378488
-3.567857
-3.326536
-3.838277
-3.823483
-3.483676
-3.225959
-3.900748
-3.535444
-3.879487
-3.513657
-3.859398
-3.209349
-3.201967
-3.840469
-3.840257
-3.825655
-3.853409
-3.849025
-3.201565
-3.543391
-4.754323
-4.174291
-4.200529
-3.846833
-3.813954
-3.201967
-3.561120
-3.513007
-3.545430
-3.682431
-3.652457
-3.843024
-3.784401
-3.119434
-3.829298
-3.622578
-3.873136
-3.499666
-3.875024
-2.912994
-3.890648
-3.671944
-3.570106
-3.862178
-3.545639
-3.231029
-3.537484
-3.515055
-3.997694
-3.611033
-3.495669
-3.897344
-3.419467
-4.175638
-3.857792
-3.203812
-3.695071
-3.849025
-3.220422
-3.549507
-5.043437
-3.541352
-3.207503
-3.547469
-3.515655
-3.286305
-2.831746
-3.511658
-4.200529
-3.473683
-3.200121
-3.573971
-3.505662
-4.175850
-3.435126
-3.096263
-3.570106
-3.507660
-3.868326
-3.894114
-3.198276
-3.497668
-3.399894
-3.631727
-3.754944
-3.559911
-3.133868
-3.200121
-1.504840
-3.781556
-3.477681
-1.783954
-3.209349
-3.137476
-3.901809
-4.357221
-3.868752
-3.553794
-4.968650
-2.781682
-4.615070
-4.037861
-3.227804
-3.812628
-3.553585
-3.401045
-3.214886
-3.485675
-4.152714
-3.976635
-4.951812
-3.165057
-3.493663
-3.545430
-3.610586
-3.233342
-3.537636
-3.565818
-3.475682
-3.216732
-4.021553
-3.523649
-4.022328
-3.746309
4.153855
1.443706
1.934152
-1.636512
-7.632926
0.411046
1.657128
0.365230
7.280315
3.131514
0.841546
-2.519094
-1.651266
-1.410651
-5.500552
0.365074
-4.023886
-2.239535
-0.231325
0.228426
0.186642
0.909744
0.708111
-1.448534
0.110922
1.813225
-2.868651
-1.177723
-1.764137
-2.171440
-3.806898
-1.863750
-0.291802
-1.355242
-0.779206
-2.825736
0.159539
-4.812170
-1.807945
-0.253535
-0.678409
-2.244255
-5.662259
-0.869335
-0.078519
-3.322591
-1.899599
0.748728
-0.375186
-2.341797
-0.976921
-1.990341
2.449880
-2.213876
-2.123649
-0.689464
-1.810379
-3.725017
-0.793442
-1.460797
5.649016
-4.481582
-2.953874
-2.000792
-5.643556
-0.871252
-2.991265
-3.283688
-0.498636
-1.358140
-0.853816
-8.053184
-0.059194
-2.520758
-1.660781
-1.316471
-2.741743
-0.553161
-1.331889
-1.711924
1.237254
2.397433
-1.538617
-1.565225
-2.296473
-3.055863
-1.832729
4.083037
-5.190580
6.708573
-1.639427
0.065042
-0.833576
-0.558401
1.897584
0.093940
-1.422610
4.096918
-1.916291
-3.428012
-3.774585
-4.352047
1.663132
-1.763840
6.714746
-1.383439
-2.600981
0.638163
-0.772004
0.649269
-3.140977
-2.996460
0.744950
5.709525
-0.498910
0.770993
-2.098681
-2.206168
-1.903735
-0.825727
-4.770603
-4.162251
-3.545430
-3.209349
-3.989689
-3.666830
-1.725605
-1.151760
2.338715
-0.053262
-3.697031
-3.255405
2.264826
-0.581877
-1.499035
-1.612644
0.023802
-1.626567
1.364960
3.510422
-1.924301
0.700106
-2.486839
-1.633935
-1.314967
-1.536572
2.172621
1.735951
-0.823861
0.446159
1.986660
-1.235232
-0.677357
-1.997975
-0.530148
-1.164499
2.076356
-3.118520
-0.433971
3.883945
-2.672911
-2.793402
-1.653969
0.190603
0.521096
3.919613
-3.650593
-4.116580
-1.310919
3.752033
-2.956553
0.902947
0.877521
-0.829755
-4.198251
-1.187311
-2.603124
-0.765796
-0.484233
-0.366356
4.315626
6.878576
-3.330522
-1.546720
2.478404
-2.996823
5.045076
-1.459522
-0.629474
-0.402348
-1.594998
-3.949839
-1.530455
3.462826
0.129600
-1.926597
0.199870
0.195406
3.775533
2.097515
-0.677689
-1.490606
-1.044381
-2.700166
-2.409200
-1.877693
-5.172456
-0.572219
-2.847600
-0.603688
-4.238477
-1.604073
-2.536766
-1.560469
-3.063190
-3.660672
0.644247
-1.471483
-0.194729
-1.837177
-2.161753
-3.370687
-4.113353
1.422136
0.445330
-3.006500
1.154827
-3.063499
2.630619
-1.107229
-0.518939
-5.735954
-2.276272
-5.161622
3.496291
-3.407339
-3.762074
2.713130
-4.360808
-3.783883
-3.689943
-1.431087
-2.956039
-2.649944
-3.346877
-2.322863
1.022961
-1.665227
-2.138530
-0.869960
-0.874538
-4.916799
-5.922143
-2.698127
-1.002077
0.753356
-0.602675
-1.201997
0.680571
-2.005303
0.819190
-5.109429
-2.747490
-1.015738
-2.780362
-2.837779
-1.938756
0.819239
2.633041
-1.241182
-5.741366
-3.831828
2.154008
-1.661701
1.074828
0.377668
-3.073321
-1.604925
-0.774523
-3.867416
-4.787230
-2.053406
-4.747124
0.322698
0.615357
-2.815953
-0.171400
-2.576581
-0.476599
-2.004904
-1.774341
1.211051
-1.768755
-5.159840
-1.128818
-0.811117
-6.851321
-3.490364
-3.253071
-3.091077
3.793767
0.028809
-1.168468
-1.553998
5.382058
1.788508
-4.494427
-2.816171
2.520838
2.787733
1.631080
-3.371661
-1.871292
-0.277544
-0.689517
-0.048500
-4.411283
0.520147
-4.467802
-3.749783
-2.221350
-1.461739
2.803236
5.836443
-3.936678
1.938944
-1.369411
-0.324832
-0.577448
-0.053103
-3.133054
-0.125353
1.269178
-1.100373
0.227097
0.910278
-3.256219
-2.880174
-4.729577
-4.128992
-4.794771
-2.759109
-0.000456
-5.770642
-1.172612
-3.613331
-3.739235
-1.163685
0.350262
-2.393662
-1.827741
-4.150145
-1.296455
-2.244453
-0.190110
-2.671319
-2.420158
-0.898460
-0.504628
-3.138635
-4.006628
-0.087812
-2.966321
0.079643
1.744457
-2.607787
-3.256679
-5.056999
-1.047927
-1.868100
-5.308298
-4.201279
-3.086460
-1.163737
-2.107050
4.507581
-1.205898
-0.762218
0.829522
-4.765032
-2.994937
-5.639047
-0.794466
-0.691127
-1.118730
3.600796
-1.183032
-3.179312
-4.713692
2.057955
-0.743622
-4.924317
-2.845919
-2.756616
-3.545357
0.533722
-2.027230
-0.066883
1.241858
-2.395944
-5.193200
-1.775160
-2.140048
-3.411808
-2.351493
-2.298708
1.850776
-4.304207
-5.522954
-2.167071
-3.074745
-0.129749
-1.331848
-3.493135
-4.404746
-0.719033
1.718594
-1.406249
0.704165
-3.324915
-1.043163
0.036576
-0.151003
-3.058147
-0.286623
-0.360815
-3.862303
-4.860209
-0.744211
0.065690
-3.112099
-1.900264
-3.803595
-0.517527
-1.210418
-0.436918
0.248797
-1.896923
-4.783772
-2.070159
-2.876240
-3.216655
-5.174811
-2.743271
-0.080890
-3.132765
-3.016723
-0.815753
-0.351784
-4.455149
-0.834471
0.565664
0.737316
-4.447590
0.204044
-3.940956
0.590473
-3.537275
-2.477867
-2.012678
-1.034737
-1.737546
-1.082022
-4.325511
-3.087440
-0.511752
-4.344852
0.199969
-2.865533
0.329087
-0.007934
0.540666
0.259575
-1.684359
1.792549
-4.338006
-3.965398
-0.810651
2.688855
-4.910891
-2.389359
1.494409
-1.241725
0.408531
-2.835959
4.148907
-2.219361
1.951487
4.799724
-3.564601
-1.155594
-3.212293
-1.713574
-1.778979
-2.879025
1.175552
1.055017
-6.120682
-2.855921
-6.449579
-3.869406
1.403046
-0.099336
-1.211869
-4.332883
-5.521037
-3.091894
-2.734206
-2.434239
-0.110564
-0.243855
-3.714455
-0.773154
-1.837656
-2.003578
-3.218023
3.057696
1.392237
1.629933
0.091366
-0.692109
-0.590587
-1.358105
1.641954
0.952194
-3.615477
-1.963205
-2.428949
1.711244
-1.770291
-2.601008
-4.289961
-4.614408
-3.911166
-4.839451
-6.041777
1.953688
-1.442086
-3.104094
-0.328861
2.041414
-2.413749
-1.658165
-2.482669
-3.367530
-0.514709
-2.875594
-2.798067
-2.641871
-0.573348
-3.242401
-0.207349
-5.308861
-2.240105
-1.111396
-5.085997
-0.752730
4.794056
-3.925564
-4.345416
-3.215882
-4.487861
-0.760128
-3.883701
1.597870
-3.513909
0.776944
-4.402488
-1.438597
-1.760878
0.176233
-2.606064
-2.563307
-4.321351
-1.640663
-2.114080
-1.967276
-4.232229
-3.931412
-1.997595
-2.801924
-1.274259
-2.309107
-1.417132
-0.565642
-6.502501
-3.560888
-1.497193
-0.833556
-3.182497
1.357360
-1.455368
-5.317724
0.016977
-1.265795
-2.927192
-0.093733
-3.999973
-2.637525
-1.903488
-2.031425
-5.198980
-2.577590
-3.377147
-0.845728
2.459639
-1.938859
-1.065700
3.573616
-3.173966
-0.266610
-3.665098
-1.025654
-2.488222
-0.919537
-3.383343
-1.481397
0.667861
1.099617
1.973319
-3.231496
0.607462
0.018715
-2.195892
-3.222199
-0.906481
-5.101680
-2.278982
-1.225303
0.360461
-0.983575
-0.960105
-0.249387
-1.377907
-1.238341
-3.040183
-2.068349
-3.486443
-4.643074
0.586680
2.235259
-3.316651
0.022470
-0.649923
-5.538757
-1.933205
-4.790983
2.554819
0.079286
-1.937168
-1.666038
-4.652746
-3.665907
-3.451350
-3.571943
-3.172279
-0.042912
2.230548
-1.930120
-3.575640
-6.052137
-0.966732
-1.753250
-1.260948
-1.335418
0.057700
-1.298199
-2.598527
-4.205030
-3.257535
-5.555386
-4.154088
0.943756
-2.305612
-2.193376
-4.559253
-1.203010
-0.524850
-2.520113
-1.020092
-1.881481
-2.151316
-1.455204
-4.115767
-3.767995
-1.073358
-4.202927
-0.464053
0.758405
-5.448937
0.360693
-1.879311
-1.175981
-3.941441
-2.328875
1.361012
-2.248385
-2.725242
1.091853
0.260536
-1.431489
-3.761099
-2.030993
-4.846264
-4.879773
-1.490280
-0.247404
-4.852510
0.876009
-2.894521
-3.989901
-4.891436
-1.650888
-2.795480
-0.585995
-3.664677
-0.966481
3.691878
-2.447187
-1.195722
-0.235437
-0.971674
-1.404732
-1.691486
-3.281325
-3.285957
-2.970323
4.646537
-1.636071
0.816966
-1.271462
-3.453574
-0.317555
3.075900
-1.060979
-1.825420
-0.853535
-1.231501
-2.900960
-2.786579
-1.089875
0.001806
2.150490
-2.961311
-4.042356
-4.428524
-3.840578
-1.909255
-2.907636
-0.387224
-2.389678
-1.530813
0.104795
-2.975944
-3.015927
-3.176359
-4.184137
0.061463
-0.120484
-2.496744
-1.782907
-2.534860
-2.045532
-3.184336
-2.110458
-1.861545
-3.664243
0.425210
-3.505361
2.724403
-0.822167
-4.547421
-2.905148
-2.252808
-0.104044
-3.445317
-3.865547
-3.997173
-2.460562
-0.448536
-1.536220
-2.869916
-3.153890
-2.016417
-2.447457
-2.417189
-4.399613
-1.330448
-0.991894
-4.094619
-1.832399
-7.538270
0.658277
-3.785721
-2.998489
-2.270512
1.578096
-0.836392
-2.197417
0.916277
-3.055640
-0.752199
-2.474682
-2.764591
-6.890555
-2.177030
-2.223963
-3.440391
-3.703269
-1.624002
-1.516684
-1.808106
-3.147881
-3.871177
2.091971
-4.505653
-1.391634
-2.249242
-2.188385
-3.187960
-2.776108
-3.947746
-2.934667
-2.666294
-0.578136
-1.342110
-1.432986
-6.280649
-2.026839
-7.549225
-2.390595
-4.199174
-2.265824
-0.583485
-1.141637
-2.428405
-2.279250
-5.128010
0.163278
-2.776484
-4.533649
-0.002859
-5.081034
-2.449478
-4.187083
-3.375340
-0.519844
-2.073394
-2.530927
1.561445
-1.362459
0.987782
-1.979579
-2.980129
-3.669375
-2.405364
3.244796
-1.143433
-2.492303
1.668212
-1.587936
-2.108776
-2.459212
-4.776560
-1.070329
-1.651631
3.347979
-2.893667
-1.275285
-4.646691
0.671148
-1.685459
-4.212999
-1.999918
-2.543535
-4.617213
-1.273300
-4.510095
-2.372435
-4.379475
-1.907377
-4.098021
-0.554504
-2.307150
0.513061
-1.594216
-1.827794
-5.260703
-3.711226
-3.050585
-1.333363
0.923149
-1.287195
-1.187083
-3.221565
-2.943861
-1.867032
-1.085256
0.491210
-2.894933
-4.011853
3.346170
-3.465538
-1.839744
-4.725960
-2.988145
0.187237
-0.828640
-4.135358
-1.878626
-1.841933
-1.626026
-2.253897
-1.791354
-1.907496
-4.119369
-5.171476
-1.355356
-2.992807
-4.583313
-2.810560
-2.855623
-1.888565
-3.088099
-2.441453
-1.552272
-2.909107
-0.555570
-1.961173
-3.829298
1.970197
-2.106992
-3.496942
-2.793150
-2.819945
-1.765028
0.716171
-1.922283
0.722558
-0.281488
-3.341676
-1.899812
-2.183744
-4.296191
-3.860383
-2.313358
-3.209349
-2.376275
1.841658
-2.854591
-0.255722
-1.800671
-0.796941
-4.543237
1.373371
-0.997291
1.003451
-0.521771
0.031566
-2.608474
0.701202
-2.255124
-2.725745
0.405452
-1.942171
1.211205
1.009742
0.277728
-3.909867
-2.081759
-5.502603
1.521506
-1.900180
-3.315769
-5.752358
-4.790495
-4.591530
-2.864170
-1.484939
-1.314335
1.631339
-2.108189
-1.709695
-3.588021
-2.702338
-4.371462
0.279536
-0.040650
-1.176023
-4.696047
-3.741852
3.481290
-3.552551
-3.821051
-5.032153
-1.951992
-3.116525
-3.594894
-7.231546
0.587404
-2.300920
-0.965731
-3.117846
-5.858253
-2.296442
0.301687
-2.912643
-2.511316
-0.928087
-2.667575
1.102754
2.079548
-1.837775
-1.498598
-1.995195
-3.737332
-3.454426
-4.872453
-0.830347
-3.171317
-0.901423
2.256803
-4.164750
-1.175731
1.791069
0.971886
-4.264910
-2.517605
-3.084874
-3.261302
-4.151993
2.742490
-4.133026
-3.605327
-1.706959
-0.088690
1.065278
-2.578775
-4.459082
-2.747705
-4.854794
-3.579679
-2.862681
-1.655156
-4.886844
-0.729362
-2.427876
-2.680357
-2.064947
-0.429059
-1.526775
-5.506942
-4.947093
-0.061164
-2.630912
-2.563097
0.544929
-3.423138
-1.173341
0.218392
0.332730
-2.430580
0.839972
-4.599282
-4.889879
-0.454225
0.515651
0.079230
-3.142445
-2.408397
-1.685897
1.619671
-3.336853
-2.164221
-0.906089
-2.462178
-0.702762
-0.937868
1.753366
-4.112777
-1.486751
0.033712
-2.879168
-1.785300
-5.159561
-1.169321
-2.162387
-0.051673
-1.290744
-2.042062
-0.742000
-1.692631
-1.988610
-3.376920
-0.874100
-3.045797
-0.348153
-2.847294
1.898842
-1.220684
-4.121749
-3.537038
-3.855615
-3.015089
0.929195
-1.636312
-1.487498
-0.797831
-2.835972
-0.822930
3.072475
-2.974617
-3.555323
-1.859199
-3.880451
-2.604434
-2.985952
-0.198061
-1.064286
-1.046206
-2.072763
-2.326175
-1.975554
-0.570427
-3.894489
-3.069626
1.970054
-2.621451
-4.626830
-3.116781
-4.821918
-4.820201
-2.119393
-4.571306
-6.310184
-3.486408
1.266795
-2.248765
-0.941911
-3.653873
-3.132737
-1.828921
-2.033458
-0.758602
-2.354648
2.507636
-2.662933
-4.597820
-1.384966
-2.328486
2.968464
-2.260551
-3.083137
-0.872944
0.494130
0.708075
-1.459416
-2.672331
-3.982130
-3.949681
0.021365
-2.058193
-3.876968
3.471552
-0.986619
-5.856765
-4.456151
-2.143431
-0.314151
-3.203365
-3.541134
-0.371307
-1.010290
-3.756794
-2.371212
-3.122697
-4.272773
-2.236799
1.389050
-0.324143
-4.897447
-2.480216
-3.543391
-5.317899
-2.225478
-3.543391
3.101296
-1.675129
-3.568167
-5.525623
-1.077720
-2.786587
-2.419345
0.189821
-0.506976
-0.566127
0.372665
-1.936607
-1.351179
-4.445443
-0.108381
-0.542940
-0.116740
-0.574661
-2.823057
-1.329667
-0.161638
-2.771137
0.408829
-4.303638
-0.131865
-1.855591
-3.680266
-1.513881
0.822775
-2.841280
5.631594
-3.864562
-4.997010
-4.851290
0.028520
-2.420148
-0.298730
-1.594020
-2.047760
-2.828914
-2.082418
-0.096717
0.287812
-3.100964
-3.013133
-3.284261
-1.359080
-4.251473
-3.767172
-2.871611
-2.070704
0.734281
-4.369517
-2.319464
-2.324447
-3.093864
-3.441490
-6.900577
-3.141826
-3.325120
-0.951046
-1.142754
-2.322160
0.390661
-1.419956
0.337575
0.156291
-3.022197
-2.876447
1.364641
-0.337326
-1.968141
-2.510464
-4.439152
-2.419264
-1.366858
-0.406828
-1.433840
-1.773389
-2.880871
1.923174
-1.549940
-2.584168
-1.672838
-0.386708
-2.885145
-3.912450
-5.822710
0.148825
-2.746985
-2.621127
-0.669590
-4.583230
-3.437417
-3.114705
-1.438309
-3.061842
-1.288972
-0.755122
-4.469105
5.290283
-5.435798
-0.398510
-3.503308
-2.526226
-3.608935
-1.531333
-2.424713
-3.195690
-2.604655
-4.039163
-2.555002
0.188593
-5.718163
-3.792768
-1.938110
-3.474696
-1.616353
-2.884247
-3.050117
-2.983138
-2.565285
-0.239317
-0.612108
-0.667035
-3.007884
-2.784360
-4.526595
-1.374161
-4.262878
-2.514113
-2.317289
-0.643600
0.802364
0.705490
-2.650384
-6.676376
2.691215
-0.762583
-1.375623
0.053782
-1.144518
-1.896882
-1.594321
-2.547021
2.670449
-0.952404
-1.894407
-0.637793
1.228613
-5.071692
-3.038015
-2.070660
-4.322671
-0.984736
-3.495343
-1.962820
-2.654577
-2.862876
-1.641743
-3.706681
-6.913493
0.218769
-1.851434
-3.218982
-5.089576
-2.115330
-1.867748
-2.220750
-0.281781
-2.386116
-1.471050
-2.455243
-4.472218
0.837307
-2.481671
1.236447
-4.286281
1.640047
-1.015662
-1.716533
-3.541530
-4.021065
-0.532670
-4.204986
-1.574966
-2.386506
-3.579857
-2.883044
-4.759040
-1.884445
-0.779162
-3.184858
-1.999911
-4.255739
-3.342437
-0.821010
-1.810750
-2.714120
-1.259461
-4.544119
-5.648191
-1.440075
-3.311877
-3.127642
0.028389
-0.400195
-2.271256
-4.403967
-1.612862
-2.744430
-2.182651
-1.977794
-1.982925
-1.032339
-3.955547
-2.704546
-1.285246
-3.258321
-3.333695
-0.468731
-2.308541
0.786195
2.633349
-2.696964
-3.060123
-2.117101
2.434674
-2.300197
-3.720431
-0.298602
-0.846913
-1.032848
-1.789949
-4.305099
-1.577443
-4.217230
-2.724982
-4.562543
-1.172418
-4.334111
-3.358927
-2.175439
-1.025123
0.775581
-2.809228
-4.218491
-3.483919
-5.860443
-2.833464
-1.028335
-2.711916
-4.823536
-3.081183
-2.625074
-3.727703
-0.952639
-0.559767
-3.732011
2.169543
-3.559926
-0.735710
1.463851
-1.650533
-0.564894
-2.747253
-1.480108
-3.457702
-2.113225
1.685622
-3.209426
-1.432470
-3.705235
-1.064429
-3.953457
-2.495414
-0.222907
-3.958523
-3.869732
-0.114603
1.276471
-3.680696
-1.747114
1.216987
-0.968692
-4.252217
-2.965284
-4.508857
0.502080
-4.209247
-2.440725
2.851630
-4.697456
-3.152386
-1.408623
-2.584655
-2.045961
-2.684333
-3.833152
-3.237608
-0.448594
-2.097776
-1.902795
-4.288907
-2.390200
-2.610897
-1.906687
-2.110571
-0.442892
-4.171412
-1.535735
-3.110320
-3.436383
-0.243516
1.926932
0.223564
-2.322268
-2.432857
-3.096916
-0.062595
-5.309539
-2.581835
-0.058126
-0.422778
1.141933
-0.587806
-3.051683
-0.381862
-3.039149
-2.314357
0.356380
-2.747653
-1.468163
0.289200
-2.173048
-2.379212
0.747500
2.139566
-1.199463
-3.596692
0.799155
1.659589
1.785034
1.282598
-2.771893
-1.570827
-3.385258
-2.726331
0.215477
2.111808
-1.703333
-4.013860
-1.867471
0.049753
-1.252742
-0.127929
-2.280020
-3.092613
1.138181
-3.603583
-1.072258
-6.122587
-3.411709
2.918923
-0.462746
-1.099993
-4.620570
-3.861073
-2.671638
-0.195894
0.245936
-1.895020
-1.167110
-2.273078
-2.086362
-0.325803
-2.460019
-4.417571
-0.425993
-3.681177
-2.323243
-2.146612
-4.316272
-4.330110
0.034477
-2.720978
-3.346201
-2.939185
-2.192871
-2.578061
0.350235
-2.063516
-1.371615
-0.578939
-3.792929
2.557426
-1.935867
-3.504177
-2.839527
2.131648
-3.361444
-2.958237
-3.089749
1.093181
-2.902676
-2.338802
-4.833531
-2.967735
0.854855
-1.329657
-5.060583
-2.690486
-0.787873
-2.434891
-3.020130
0.790945
-3.360196
-2.167181
-3.005004
-0.541163
-4.783298
-4.427767
-4.468035
2.708791
0.729123
-0.254630
-3.102391
-3.736156
-4.041622
-0.866173
-7.602462
1.927131
-3.846418
0.571224
-3.872505
-4.280865
-3.080886
-2.447997
0.449511
-2.723444
-1.008904
-0.753205
-0.805453
-1.713989
-1.816625
-3.562291
0.620954
-1.440797
-5.882742
-1.778424
-1.016692
-2.664559
-0.694553
-4.069623
-3.626325
-1.433119
3.453745
0.478704
-4.911903
-0.620423
-2.554968
-1.809048
-3.269327
-1.212534
0.438816
-4.422140
-5.451823
-0.151972
-0.692381
-0.128857
-2.263688
-1.142978
-1.417497
-2.966985
-2.427540
-3.532625
-4.958260
-1.402501
-1.012617
-2.826236
1.308001
-3.437267
-1.641772
-2.403753
-6.989061
-3.336176
-2.336205
-2.234799
2.200718
-3.980717
-2.996756
-3.066402
-3.022227
-2.706231
-0.001418
-2.627910
-0.251137
-2.217327
-2.009840
0.774889
-1.821239
-4.138164
1.429588
-5.108989
-2.744789
1.996550
2.952218
-4.868181
-1.251467
-3.340753
-4.002990
-2.453199
-3.604373
-3.173090
-3.209349
-0.656359
-4.347364
-1.583191
-3.333054
-5.971665
0.218093
-1.062948
-1.634865
0.276459
-5.101327
-2.573394
-0.456376
-0.764399
-1.556322
-1.962834
-0.584143
-5.059759
-0.894702
-0.089955
-3.161204
-2.557721
-1.524682
1.168109
-3.324967
-1.997282
-4.477202
-1.869350
-0.207151
-1.353103
-3.238259
-4.207541
-3.808598
-0.685721
-1.823481
-2.157932
-4.740347
-1.617450
-3.312826
0.217958
-3.881078
-2.417792
-0.905287
0.097662
-2.927110
-4.929792
-2.627190
-1.998649
-5.239635
-4.402613
-1.779261
-2.354398
-3.765445
1.106826
-1.630377
-4.629551
-3.556869
-1.617985
-5.302269
0.129996
-3.839347
-3.503662
0.182261
-2.574917
-1.941579
-0.661759
-5.198200
-1.529951
-2.088065
-3.472813
-3.608164
-4.199216
-2.378061
-4.758871
3.996328
1.162437
-0.344022
-4.327265
-2.348205
-2.053015
-2.214033
-2.241748
-3.678844
-4.630630
-6.373379
2.856710
-3.766071
2.270279
-1.260673
-2.978773
-3.627839
0.383003
-3.322461
-2.355771
-0.460596
-3.300544
-1.499425
-2.404358
-4.829374
-0.593564
-4.755413
-0.166781
-1.532423
-2.093864
0.707922
-2.590985
-2.936133
-5.837391
-1.748330
-1.306024
-1.295717
0.598417
0.473759
0.903282
-0.963004
-4.477878
-0.716932
-4.337594
-2.944594
-4.585663
-0.686506
-3.547389
-0.979257
-0.872273
-5.300308
-2.955929
-2.257440
-1.163854
-2.626811
-4.034108
-5.002822
-2.007016
-0.513596
-5.601243
-5.169925
-7.058941
-0.763575
-3.810971
-0.549900
-6.961711
-6.642755
-6.092162
-7.437494
-2.240532
-3.677643
-1.100168
2.535314
-3.968192
-1.857745
-3.147702
-2.074277
3.146464
-3.380766
-2.975763
-2.136665
-6.363419
-4.768891
-3.967926
-1.668266
-3.678217
-4.710913
-1.209058
0.045443
-2.029605
-1.509793
1.773093
-2.033280
-1.418127
-3.702873
-0.917667
0.819326
-2.828761
-1.722695
-2.649408
-2.576406
-2.439778
-1.805750
-2.933993
5.216658
-1.822988
-3.691943
-3.863966
-1.123265
-5.599595
-1.294368
-1.939373
-4.907988
-0.785604
-0.151801
-2.191405
-2.918862
-3.925246
-0.142805
-4.257070
-1.269282
-2.778924
-2.107095
0.513198
0.357850
-2.103444
-6.525862
0.775007
1.741961
-3.459051
2.105856
-3.004658
-1.739875
-1.091716
-3.743251
-5.369469
-1.692991
-0.908699
-0.629147
-0.901357
-2.550893
-4.425329
-3.002626
-6.564820
-4.530653
-3.335932
0.792128
-4.453742
-0.542126
-1.354310
-1.460314
-4.274714
-2.513254
-2.667333
0.028317
-3.214092
-1.523382
0.812755
-0.110319
-0.780290
-2.275815
-3.451327
-0.211987
-3.294689
-1.511942
-1.844746
-1.816232
-3.491961
-3.077169
-3.773495
-1.435679
-1.710788
-1.369870
-3.136787
0.039559
-1.380787
-2.480561
-2.705787
-2.145353
-1.543029
-1.143264
-2.184911
-3.416092
-2.155818
-4.426004
-1.439754
-1.898311
-1.544059
-3.853842
-2.102736
-2.708832
-2.596252
-1.392505
-2.483898
-4.257754
-2.404003
-4.193612
-0.951819
2.765594
-3.176958
-1.588002
-2.105111
-3.955732
-0.211616
-3.581516
-3.835090
-3.483870
-1.676126
-2.479606
-0.962424
-2.577637
-0.368650
-3.466878
-2.320481
1.957835
-1.206835
-5.349354
-4.684968
-0.153038
-0.401865
-0.403755
0.643460
-3.367721
-0.362999
0.161826
-3.225959
2.829580
-4.898212
-1.605250
-2.526341
-2.764755
0.768160
-5.934897
-1.037435
-2.057612
-0.888471
-1.342932
-3.321801
-3.024399
-2.541752
-1.327606
-2.798401
-2.830898
-2.849785
-3.176875
-2.014853
-4.520951
-2.126307
-4.502942
-2.035166
-3.792815
-3.487110
-3.336679
-3.868326
-2.120677
-1.378701
-1.708791
-2.502341
1.385937
-3.039475
-0.977333
-3.445125
-5.299958
-3.620716
-0.715626
-2.828879
1.466262
-3.083236
-2.684146
-1.591540
-1.597048
-2.490583
-2.456942
-2.964048
-4.215493
-1.268090
-3.178324
-2.452619
-3.071364
-0.966666
-2.563156
-4.726651
-4.432833
2.474978
-2.385261
-1.661635
-2.702402
-0.956570
0.423416
-0.038546
-4.029418
-4.661148
-0.433470
-4.192029
-3.135831
-3.047261
-2.979002
-1.991822
-0.166117
-3.372469
-0.822331
-3.180647
-0.608394
-1.419422
-2.884873
1.023921
-1.063256
-1.455780
-2.400162
-2.007463
-3.357662
-5.615328
-0.659040
-3.863067
-2.261122
-1.294382
-1.897935
-0.532032
0.729938
-5.795475
-1.820400
-2.457131
-2.918404
0.454152
-2.167796
-2.402489
-2.157553
-2.520892
-2.515965
0.359288
-1.561990
-3.164071
-2.945863
-2.615134
-0.250366
-3.159502
-0.560176
-1.865210
-2.725786
-1.395955
-3.584860
-1.962385
-1.708588
-3.592911
-1.216253
-3.266110
-2.256999
-3.816021
-4.898035
-3.350085
-3.690250
-1.996048
0.024091
-4.665876
-4.569754
-1.335887
-2.683305
-2.213828
-1.882932
0.097702
-0.128994
-1.366780
-0.967949
-2.358568
0.029397
-4.454756
-0.824793
-3.328053
-1.002709
-0.244928
-1.440428
-0.404955
-1.757778
-4.190921
-4.007779
-1.820140
-3.002155
-2.256073
-4.163528
-3.210203
-0.733061
-1.353769
-1.795598
-1.588377
2.482734
-2.515115
-0.048430
-4.682131
6.307336
-3.488258
-3.048199
-2.010709
-1.762347
-2.787598
-3.593803
-1.754597
-1.678973
-2.700320
-3.913329
0.729318
1.529900
-6.380922
-1.914340
-3.696101
-3.693255
-3.046405
-3.142392
-6.416218
-0.876566
-0.715411
-2.548820
-1.200412
-1.313022
-4.357994
-2.272770
-2.612749
-4.540205
-3.422300
-1.173294
-2.197527
-2.180427
-2.489187
-7.441450
-2.542131
-5.117113
-1.900001
-2.516571
-3.566816
-0.487940
-0.382450
-2.167816
-1.734429
-0.331813
-4.072043
-5.516252
-1.433760
-0.278975
-0.851950
-1.325980
-0.620459
-3.400929
-0.502128
-3.449368
-0.169053
-3.013239
-2.378279
-5.104798
-0.568708
-0.978848
-1.416576
-2.079213
-4.468791
-3.479554
-2.438860
-4.341143
0.559634
-3.079436
-2.132495
-4.483864
-2.160980
0.982239
-3.542046
-4.095681
-1.464459
-3.434712
-1.983804
-1.767685
-2.555354
1.707438
0.290707
-2.914192
-5.920697
-1.500417
-2.929091
0.174152
-1.174154
-0.275324
0.343426
-4.489925
0.702102
-0.570869
-0.750826
-6.525558
-2.452870
0.937455
-2.625728
-1.915275
-2.943404
-3.859523
-2.602275
-7.096118
-2.513171
-0.520263
-1.861681
-1.585158
0.773052
-1.642943
-2.453324
-1.035048
-2.441989
0.456036
0.104461
-2.268002
-2.243730
-1.036589
-0.557017
-2.611554
0.697436
-2.157001
-2.153363
-0.790999
-0.870062
-2.552714
-3.354730
-2.867272
-1.022045
-2.957167
-0.114898
-3.192685
-3.257532
-3.811792
-3.104105
1.797374
-1.588464
-0.636804
-1.734764
-0.582073
-0.915428
-3.414165
0.432338
-1.418993
0.209330
-2.695252
-2.136408
-0.003640
-3.548240
-0.822354
-0.915985
-2.884790
-1.301710
-2.796222
-3.312777
-3.981512
-4.093329
-5.217484
-3.079234
-4.748274
-3.664730
-1.351935
-3.372918
-1.711558
-4.316685
-4.518474
-1.428324
-0.859572
-3.638897
-4.149841
-2.751652
-6.278476
-5.030434
-0.056645
-4.755890
-1.358978
-3.844806
-2.789218
-3.084228
-1.365686
-2.024384
-0.189290
-2.370816
-2.585636
-2.319627
-3.897833
-1.650623
-3.360505
-1.950266
-1.834514
-1.828820
-0.831812
-1.664621
-1.658226
-3.689413
-0.747535
-3.556582
-2.104884
-1.294963
-1.381748
-2.604654
-1.742518
-3.472334
-1.145381
-3.111586
-3.957453
-0.883736
-5.562280
-3.674485
-4.542995
0.007137
-4.647930
-2.134914
-2.785509
-0.620459
-4.061601
-3.131881
-2.898897
-2.342806
-3.059271
-2.672724
-1.220507
-6.435780
-1.121277
-0.359703
-0.909833
-3.322151
-3.500900
-2.598914
-1.376440
-1.915266
-2.524396
-0.783320
-2.461952
-3.792244
-3.664779
-4.318003
-3.126042
-2.716851
-3.052898
-3.052895
-1.702662
-1.397321
-3.836571
-5.712053
-2.573676
-3.766811
-3.677078
-0.831497
-2.805985
-1.882073
-2.702270
0.624551
-0.065255
-1.670279
-3.650616
-3.261310
-2.531391
-4.436083
-2.136405
0.581016
-3.161791
-2.935377
-0.205876
-3.784843
-2.269352
-3.243790
-2.928324
-5.088621
-2.613962
-2.837699
-3.610527
-1.249781
-1.377513
-1.888805
-0.781551
-4.320111
-2.459244
0.541911
-0.294199
-3.645998
-2.388498
0.775370
-1.389441
-2.511611
-3.044447
-0.753790
-2.812157
-3.583261
-1.335035
-1.314479
-1.502797
-2.936445
-3.008829
-3.536541
-0.278499
-0.723401
-1.612291
-4.226217
-2.223502
-2.803564
0.547713
0.658976
-3.000994
-2.463206
-3.163866
-2.416910
-0.510065
-1.750403
-2.564430
-0.559817
-1.825734
-3.857574
-2.563337
-3.266180
-0.960640
-2.007293
-2.062609
-1.629979
0.151863
-3.529273
-3.965218
-2.404572
0.442652
1.470230
-3.626655
-2.606630
-1.006682
-0.449381
-0.272142
0.024655
0.040901
-2.735264
-2.717896
-1.954972
-0.858523
-2.799006
-1.796681
-2.196065
-2.886304
-2.955957
-1.171092
-0.550128
-1.572777
-3.175549
-4.452229
-1.682524
-0.820311
-3.626694
-0.634597
-2.838016
-2.756957
-4.053480
-3.525261
-3.355492
-3.504597
-0.978516
-2.836035
-4.814692
-0.519911
-3.034941
-1.713048
-1.246747
0.559059
-1.321974
-1.682576
-0.156126
-1.379513
-3.145442
-3.633254
-2.625897
-2.468945
-3.009120
-4.157574
-3.707402
-2.128597
-4.204500
-3.539465
-1.494484
-0.639656
-1.523681
-2.548640
-1.414327
-1.882728
-2.964710
-1.884443
-2.083917
-1.223173
-1.106584
-1.768528
-2.720846
-3.403089
0.442337
-0.099703
-3.984442
-0.847024
-3.025553
-1.186273
-1.995090
-5.127862
-1.048239
0.376968
-0.447637
-3.988454
-2.643018
-0.924333
0.269117
-0.629261
-0.284984
-1.558481
-5.866300
-1.822634
-3.225066
-3.480368
-4.302201
-3.603399
-1.149839
-0.676673
-1.851823
-2.931871
-2.623804
-1.665218
-0.598990
-3.430871
-1.153055
-2.621758
-0.082152
-2.957572
-1.852062
-2.486591
1.612255
-4.346775
-2.373500
-0.575301
-3.829788
0.039955
0.074114
-1.775135
-2.459044
-0.985003
-1.616522
-6.437639
-4.280927
-4.652210
0.324449
-2.094360
-3.368160
-3.144169
-3.423975
-1.680545
-0.818282
-2.578918
-1.777689
-1.246203
-0.857968
-3.257720
-3.258915
-1.603400
-0.335918
-1.514433
-2.084596
-6.202821
-1.299906
-1.402087
-5.867208
-3.835674
-3.614259
-6.280951
-4.822857
-3.025729
-5.284413
-3.379866
-3.554772
-3.068530
-1.586699
-2.483408
0.391926
-4.479729
-2.357366
-0.746695
-2.969303
-5.362867
-3.756267
-0.331684
1.017934
-2.848022
-0.390458
-3.770953
-2.898121
2.535635
-0.712401
-2.242210
-2.291044
-2.740963
-2.327119
-4.487508
-3.225959
0.167802
-2.592889
-3.471501
-0.343422
-1.632808
0.279035
-0.501565
-3.361651
-0.718868
-2.521129
-1.472217
-3.954737
-1.152207
-3.842449
-3.195118
-2.939322
-2.238772
-3.524557
-3.984217
-4.007374
-1.550638
-1.457392
-3.496968
-1.140002
-1.568583
-1.736348
-1.865706
-2.936525
-3.678401
-3.750898
3.802251
-3.262088
-2.141196
-4.016989
-3.524466
-2.433715
-4.343002
-2.684577
0.777085
-4.167480
-3.102144
-1.733023
-2.809446
-0.741154
-2.875445
-4.151258
-2.224590
-3.960641
-1.314133
-3.547344
-3.788788
-4.157953
0.436901
-2.565840
-0.918785
-0.216922
-1.984206
-0.317034
-3.157659
-1.866349
-2.242255
-2.772898
-2.151911
-2.550035
-2.854972
-3.028997
-3.219489
-0.222599
-2.430235
-1.772774
-0.881209
-2.856957
0.283135
-2.204238
-1.677584
-1.544977
-3.501665
-1.396039
-1.353010
-0.212481
-3.347280
-3.244049
0.877297
-0.486655
-3.011745
-1.262992
-1.958051
-2.511816
1.057134
-3.046590
-2.844082
-0.745236
-4.719679
-3.533685
-2.561903
-3.351070
-3.020331
-2.335977
-1.523869
-0.661511
-0.929312
-3.735771
-1.099124
-0.760064
-1.482608
-1.607043
-1.988159
-2.486627
-2.807418
-1.744333
-3.000170
-2.281579
-1.294084
-3.213254
-2.728108
-4.125597
-3.496510
-2.067209
2.637253
0.311653
-4.557415
-2.662347
-0.483344
-1.692104
-0.940888
-4.812656
1.040884
-2.312376
-4.229419
-2.542777
-5.424833
-6.632932
-1.713390
-2.436976
-2.322278
-1.622335
-2.756419
-3.343856
-1.415787
-2.383169
-1.709477
-4.435892
-2.827724
-3.625113
0.000494
-3.876989
-3.452945
-3.989535
-0.539731
-1.624698
-2.581609
-1.466338
-1.003027
-2.428444
-0.991439
-3.445100
-3.419043
-6.764354
-2.651443
-2.503703
0.556433
-0.536113
-2.571209
-3.338593
-1.768020
-1.659773
-2.427953
1.627616
-0.911558
-1.397974
-3.665400
-3.538219
-0.730673
-0.348516
-3.495875
-0.742201
-4.952404
3.115365
-2.605080
-3.399217
-1.959085
-1.832725
-1.787576
-3.005914
-3.634015
-1.929287
0.532322
-4.408617
-4.086342
1.906043
-1.651241
-3.535857
-0.949111
0.314564
-2.254740
-2.184092
-0.614238
-2.394809
-0.314591
-2.186308
0.462743
-2.258895
-4.722145
-2.237059
-2.598831
0.289686
-2.193475
-2.565148
-1.298153
-1.669354
-0.259333
-2.869314
1.109605
-4.862018
-0.807333
-2.961968
-2.114851
-3.559514
-2.241993
-2.325398
-2.834366
-4.461730
-1.914040
-3.498159
-3.110478
-1.379567
-4.360752
-3.797455
-2.700453
-4.113555
-3.475361
-4.288287
-5.240519
-1.006445
-5.186796
-1.899929
-1.785834
-1.717638
-0.201915
-3.708470
-0.181439
-2.232631
-3.219028
-0.788697
-2.574417
-0.718557
-3.252657
-2.965888
-4.080190
-0.358713
-3.038974
-2.336505
-2.211931
-0.135843
-2.156689
-1.420642
-3.346054
-2.329673
1.203096
-0.600045
-1.356283
-1.807693
-4.128049
-2.962165
-0.518125
-3.703940
-4.090939
-2.225858
-0.483861
-3.798833
-0.192700
-0.400910
-2.138455
-1.845598
-2.383762
-2.939083
-3.229692
-1.415545
-3.476323
-2.598803
-2.736522
1.377290
-1.520173
-4.706353
-1.305503
-0.758246
-2.956069
-3.687856
0.069997
-2.985044
-1.769878
-0.891517
-2.505521
-0.075076
-1.208012
-2.252539
-5.861810
0.053280
-1.671694
-3.175086
-3.913358
-4.197693
-5.121737
-1.848668
-1.582816
-1.403269
-4.012169
-3.627175
-1.769606
-0.219415
-0.413119
-4.136453
-1.424280
-3.736902
-0.161946
-3.106886
-2.807668
-3.201895
-2.347636
-1.462119
-0.129002
-2.988137
-3.613659
-1.238363
-4.674738
-0.198475
-2.536828
-4.121203
-1.651262
-1.970129
-2.799546
0.565951
-4.174753
-3.130415
-1.775065
-1.557389
-0.343016
-2.092046
-2.794275
-3.618928
-3.178409
-0.593702
2.317407
-1.163958
-2.789779
-4.074821
-3.779142
-4.742799
-3.826755
-3.034822
-4.763325
-2.985433
-4.629912
-2.356506
-3.091241
-1.559095
-3.665308
-4.048208
-0.906270
-1.415821
-1.608498
-3.209349
-1.540908
-4.554954
-1.639584
-3.739193
-1.825200
-3.536669
-2.371148
-3.202904
-2.643127
-2.589526
-1.359456
-1.957642
-2.765096
-1.847247
-1.891830
-2.251379
-1.722751
-0.175388
0.372316
-0.517429
-1.063138
-2.134887
-0.798535
-0.246518
-1.902076
0.809222
-4.669077
-1.160876
-4.013863
-2.002358
-2.143413
-3.873057
-2.066354
0.383804
-2.995767
0.913080
0.488914
-3.421586
-3.074462
0.157071
-0.832734
-1.191900
-1.009795
-0.063429
-1.033752
-3.106772
0.124275
-0.177084
-1.765372
-0.488222
-0.696929
-6.225687
-3.533400
-2.163713
-0.411849
-1.076784
-0.934640
-3.428624
-4.497589
-2.263119
-2.122006
-0.097167
-1.368868
-2.377484
-1.932804
-1.090287
-1.437169
-3.798326
-1.865610
-2.325775
-2.412312
-0.543950
-1.201535
0.803041
-3.545568
-0.239992
-2.250333
-0.197489
-1.277308
-3.859398
-3.364456
-0.214740
-2.524904
-0.525494
-1.516278
-2.003987
-1.564460
-4.654315
-2.346070
1.244789
-4.783219
-1.668735
-2.035504
-5.013192
-3.211193
-1.946139
-0.507165
-3.909865
-1.407222
0.432772
-1.119692
-0.206590
-1.339266
-1.389633
-1.285324
-5.837426
-7.077155
-2.496163
-2.618184
-2.289551
-3.784120
-3.281392
-1.023394
-1.009361
-0.861596
-2.025208
-0.328532
-1.480111
-2.932869
-0.231307
-1.399072
-3.811762
-1.263023
-2.032089
-2.657719
-1.647828
-1.317706
-4.400105
-0.735952
-1.444665
-3.034114
-4.367630
-0.879958
-0.121821
-2.006280
-1.372754
-0.860459
-0.752292
-5.507960
-2.678815
-1.832655
-2.504747
-2.359733
-2.479169
-5.597589
0.339273
-4.115729
-1.900934
0.241594
-0.007321
1.138535
-0.293406
-1.939434
-4.585315
-2.722466
-1.388275
-3.622075
-0.429256
0.953387
-2.503000
-2.567081
-3.111505
-1.261972
-1.830952
-1.673778
-0.233682
-5.439150
-2.456764
-3.637353
-0.683152
-8.123335
-5.533898
-1.741242
-1.988820
-2.142235
-3.193708
-2.349210
-3.051738
-4.192607
-0.414588
-3.580683
-3.923686
-2.477189
-3.586332
-1.547294
-2.463428
-2.186750
-3.317362
-2.353998
-3.162397
-2.702389
2.101116
-2.567898
-0.780919
-1.498896
-3.475300
-2.139973
-5.881509
-3.952952
-2.341328
-2.389944
-0.558862
0.073826
-3.552465
-1.938765
-1.770844
-4.610123
-3.708406
-1.060288
-0.061367
-4.542715
1.128645
-1.472870
1.012899
-2.470705
-3.962517
-0.791131
-0.993914
-0.902124
-2.176080
-4.078317
-3.500768
1.101063
-0.876539
0.048717
-3.676784
-2.299881
2.467732
-3.028837
-3.219424
-4.346941
-1.828907
-3.825655
-2.461016
-2.434242
-1.884866
-3.104364
-2.368465
-4.706837
-0.619132
-2.061102
-2.893608
-0.429551
-5.838851
-2.565374
-1.148510
-4.148512
-3.892880
-4.841117
-3.562471
-0.260045
-2.319602
-3.427140
-0.696670
-1.595252
0.301586
-4.301125
-0.833669
-1.726858
-2.958184
-1.561047
-1.304204
-2.112405
-2.047878
1.615395
-5.242823
0.060486
-2.820628
-0.833061
-2.828764
-0.477295
-3.693625
-3.042669
-1.351736
-1.474262
-3.258224
0.664129
-1.823212
-3.598346
-1.937501
-0.959533
-1.762902
-2.310556
-5.821338
-1.187932
-0.086203
0.845077
-2.073066
-4.284203
-2.013229
-2.969429
-2.541720
-6.018485
2.036771
-0.707641
1.016058
-2.082540
-2.442292
-1.129649
-5.297038
-4.053052
-2.440979
0.033862
-2.896121
-1.540490
-4.344921
-2.714577
-3.147011
-2.533267
-1.787769
-0.315428
-3.153417
-1.125772
-2.370897
-3.513096
-3.172455
-1.120974
-3.985586
-4.260420
-1.871268
-1.700622
-1.862520
-2.092306
-3.947826
-0.980530
-1.531292
-2.345850
-3.112217
-4.389308
1.474287
-2.991508
-1.914691
-1.385932
-2.095836
-1.202664
-2.296380
-1.059509
-3.690978
-1.455766
-3.637794
-2.736680
-2.412097
-4.345241
-3.407080
-0.885995
-1.588366
-2.688592
-2.932817
-4.934549
-1.574107
0.212927
-0.548327
0.116580
0.814133
-1.704332
-2.775959
0.267473
-1.771816
-3.777210
-2.871107
-2.493668
-1.184955
-5.102893
-1.903308
-3.208433
-1.725835
-4.479676
-0.429975
-2.832355
-2.489837
-1.941447
-3.159300
-3.287553
-1.772437
0.112106
-3.487867
-2.910269
-2.599561
-2.572507
-0.353723
-0.884445
-2.400557
-2.415834
-2.995664
-2.197949
-3.366211
-1.483757
-2.912409
-2.370062
-4.196253
-2.016869
-3.683317
-2.911121
-4.460093
-2.887979
0.374752
-3.278934
-3.230042
-4.104362
-2.796031
-2.612121
0.033345
-0.137969
0.062007
-2.053608
-2.246277
-4.622606
-3.903386
-1.836077
-2.230535
-1.658297
-0.992956
-2.637090
-1.605253
-3.936967
-2.888872
-4.131302
-3.849238
-2.878823
-3.561950
-6.619340
-2.184456
-5.298552
-1.775610
-0.615126
-2.105369
-0.945299
-2.297655
-3.229650
-1.054702
-3.437098
-5.433562
-3.710508
-1.339533
-0.539768
-4.924766
-1.355526
-0.018852
-1.159741
-3.601563
-2.238337
-1.050701
-1.398876
-1.632068
-3.780536
-1.687512
-2.551442
-2.140872
-1.067963
-3.569491
-1.454133
-0.511847
-3.368479
0.858377
-3.739333
-0.827916
-3.045453
0.260006
-3.734394
-4.987692
0.031274
-1.996462
-0.201986
-0.825546
-2.240782
-3.041380
-1.898712
-1.872388
-3.354504
-3.149572
-1.112350
-2.038076
-1.538973
-3.718014
-0.894650
1.065400
-2.363500
-1.321440
-0.693134
-2.025983
-0.188708
-3.446099
-3.626903
-2.501595
-4.846371
-5.373625
-3.756418
-1.614037
-3.702654
-0.978494
-0.022782
1.083221
-2.847026
-4.257095
-1.334397
-3.261083
2.473787
-3.046083
-1.985140
-1.067559
-2.808934
-3.249866
-3.129462
-2.835551
-2.705186
-2.810321
-3.010094
-2.378983
-2.398614
1.060195
-5.794575
-1.869409
-2.245079
-2.716429
0.572201
-0.814597
-3.815250
-0.374350
-3.161719
-2.628916
-1.674131
-4.462165
-0.173710
-0.597815
-2.943846
-3.079661
-2.391726
-1.468462
-4.136847
-1.639069
-2.307168
-0.564322
-2.181722
-4.146376
-0.728844
-3.846492
-1.606655
-0.634101
-1.676648
-3.240617
-2.310590
-6.168301
-1.515916
-0.243271
-2.161087
-2.993456
-5.705379
-3.842112
-0.675165
-1.705514
-2.261394
-5.722748
-2.931289
-1.330819
-3.824309
1.314203
-1.713672
-3.570106
-2.118179
-2.678940
-0.534839
-1.654389
-1.039468
-1.503241
-3.101118
-2.094988
-1.600808
-0.040136
-1.337238
-1.779754
-0.891026
-1.937416
-3.180298
-5.613367
-0.788260
0.113092
-2.820246
-0.315773
-2.974406
-2.751323
-0.946453
-4.326076
-2.454207
-1.062559
-4.110315
-3.402856
-2.189079
0.387189
-2.600132
-1.052317
-0.244224
-3.318522
0.427679
-1.707119
-0.934788
-1.866790
-4.218212
-1.957007
-3.693896
-0.804225
1.167279
-1.329938
-3.462180
-0.100607
-4.965423
-3.007575
-1.068538
-4.590253
-3.208158
-3.933187
-2.970024
-1.513644
-2.717575
0.442826
0.395559
0.466202
0.336827
-0.444935
-0.186163
-2.099695
-4.613725
-0.775525
-4.392952
-2.916754
-3.040812
-0.816577
-2.545321
-4.452800
-4.305486
-0.235235
-4.985729
-2.866931
-3.329847
-5.706440
-3.190894
-1.464702
-0.667503
-2.620242
-2.263557
-4.995026
-1.244136
-1.447541
-1.295448
-1.168255
-4.528481
-1.932922
-0.660534
-2.284875
-2.677527
-4.574171
-1.414218
-0.869465
1.205554
-4.410997
-3.133398
-4.966860
-3.755115
-4.943005
-0.467286
-0.934824
-3.486937
-2.263826
-0.976405
-3.849025
-2.733594
-1.046015
-0.617301
-5.903564
-4.207298
-2.724817
-3.267181
-2.384493
-1.595394
-2.709760
-1.563230
0.056245
-1.914962
-1.139301
-0.703533
-1.555792
-3.475682
-1.407935
-3.754508
-1.474275
-1.508652
-2.510233
-2.310059
-3.016141
-2.380260
-1.523605
-2.453174
-3.694442
-2.003901
-0.173362
0.045972
-0.222312
-1.275001
-3.184267
-1.922837
-3.936538
-0.266065
-3.594613
-1.850755
-0.617603
-0.946475
-4.630151
-0.064711
-3.885612
-0.933623
-3.053101
-1.276745
-2.981832
-3.214994
-3.217417
-4.046339
0.287989
1.842255
-3.812926
0.671985
-2.493110
-3.066834
-0.885401
-3.662598
-2.431823
-4.182514
-3.527040
-4.648567
-6.378983
-0.594081
-0.780890
-2.016729
-3.135224
2.715036
-2.196092
-3.805428
-0.663278
-3.138856
-4.131820
-0.106444
-2.189642
-0.187241
-3.815821
0.079717
-6.107336
-1.096690
-2.008708
-3.459783
-1.248256
-2.322746
-1.422175
-3.392768
-1.802151
0.464878
-2.630336
-2.807941
-2.787696
-1.946394
-2.226332
-1.743602
-3.863170
-4.267791
0.691360
-3.088517
0.630632
-2.648991
-2.994736
-2.295419
-1.223775
-4.992986
-3.730323
-2.204129
-1.860987
-3.161783
-2.090899
-6.092406
-4.486131
-2.864618
-3.260552
-3.099887
-2.581652
-2.302180
-1.543178
-2.404024
-0.915012
-2.710756
-3.157784
-1.352164
-1.240709
-2.952636
-0.741692
-1.818509
-0.536645
-3.275738
-2.361869
0.120233
-2.376235
-0.987410
-3.742915
-1.589496
-3.089656
-4.344385
-5.465397
-3.025666
-3.389521
-3.176340
-0.982239
-2.567227
-2.061228
-5.253646
-1.659443
-2.488738
-5.093830
-0.879857
-0.793882
-0.129349
-4.066319
-0.115494
-2.658211
-1.979820
