8
1 500 1000 200 42 777 13 99
-0.061286
5.439206
-0.191245
-12.211959
-10.068979
-12.483914
-9.841410
-1.438143
-7.951663
-5.890016
-10.855482
-11.830781
8.076267
2.669345
8.441232
-6.872307
-2.615328
-2.832778
-2.626378
-6.728307
-3.595059
-3.147320
-5.194057
-7.104838
-6.795311
-6.314303
2.020694
0.161361
-11.986419
-12.229080
-12.155809
1.294473
-12.332663
-3.459004
-2.574895
-3.552127
-5.495833
-2.585469
-5.302547
-4.313548
-3.469211
-3.379398
-3.881433
-6.873447
-3.537896
-1.851698
-4.128559
-4.136547
-3.639354
-3.228090
-3.163959
-6.148469
-3.024388
-4.540716
-4.798542
-4.891870
-6.295283
-3.816753
-6.495753
-12.130166
-11.108431
-11.835691
-12.280052
-12.384222
-10.801569
2.876341
-1.002800
-2.469580
-2.124291
1.954363
-1.134027
-2.418480
0.701314
0.981260
-0.901196
-0.934186
-1.066857
5.671515
1.422534
2.142221
0.625959
-11.460459
-3.589040
5.832241
2.491321
0.990662
-2.738160
-1.725835
-3.244741
3.046967
-1.756864
-11.842175
-11.974791
-11.843276
-12.285552
-12.463664
-12.261294
-12.374959
-12.395144
-12.306841
-6.098755
-12.356434
-11.253600
-5.698685
-12.523130
-12.356434
-12.393540
-12.239739
-11.855300
-12.421412
-12.135357
-12.211719
-12.377580
-11.160975
-12.405499
-12.285114
-12.445847
-12.462117
-12.274856
-12.187671
-12.367227
-12.347089
-12.223017
-12.353248
-12.270828
-12.295701
-12.285128
-8.963091
-8.556146
-12.384222
-12.314016
-12.471452
-12.362533
-12.374962
-12.205577
-12.246122
-12.363103
-12.433522
-12.356378
-12.335728
-12.455625
-12.511446
-12.442972
-11.890076
-12.408908
-12.416142
-12.149601
-12.344839
-12.191818
-12.340548
-12.200577
-12.280052
-12.434290
-12.495402
-12.490131
-12.287345
-12.365695
-12.233707
-12.316924
-11.382977
-12.429931
-12.374959
-12.368780
-12.426419
-12.363334
-12.155002
-12.225844
-12.261304
-12.211719
-12.312640
-12.374962
-12.347239
-12.289267
-12.374962
-12.099425
-12.461965
-12.186295
-12.295993
-12.261611
-12.412013
-12.406497
-12.401870
-12.387754
-12.408908
-12.438396
-12.523653
-12.436471
-12.317194
-12.227130
-12.477271
-12.322131
-12.268081
-12.332486
-12.136428
-12.483334
-12.247169
-12.275593
-12.290408
-12.443598
0.172661
-12.316924
-12.356434
-12.267146
-12.275066
-12.323668
-12.120646
-12.221811
-12.314976
-12.022668
-12.464587
-12.421270
-12.364460
-12.096121
-12.384249
-12.445847
-12.356378
-12.316225
-12.270828
-12.251854
-12.344579
-12.322074
2.451191
-12.266768
-12.316924
-12.408357
-12.505437
-12.402829
-12.111624
-12.309298
-12.464661
-12.290956
-10.771039
-11.870022
-12.121507
-11.982388
-12.542488
-12.158512
-12.308825
-11.998363
-12.443447
-12.402829
-10.924180
-5.027777
-5.934301
-11.549461
-12.088588
-12.333620
-6.354523
-12.365695
-12.298487
-12.308916
-12.430327
-12.332891
-12.359982
-12.252392
-9.994487
-12.017335
-0.813273
-1.513473
4.281286
0.519294
-4.239324
0.486116
5.058649
4.574970
7.830511
5.323542
2.350121
-1.391675
-1.332932
-2.201209
-3.377252
1.357041
-1.645960
0.253074
3.617244
0.646420
-0.986566
2.261817
1.673492
0.276004
0.463016
2.343392
1.578075
-0.157884
-1.540098
-1.008902
-2.721838
-2.612829
5.387106
-3.460909
-0.013561
0.594532
-2.846070
3.372445
-0.389568
-0.370502
-2.388732
-1.323718
0.480432
-0.325095
-3.300990
0.516147
2.698269
4.016135
-1.752367
-0.317594
2.185130
-0.599573
3.104113
0.820466
-3.267585
-2.251186
-0.381887
-1.615462
3.155437
1.229954
5.489457
-4.068291
-1.922596
-0.168301
-0.765933
-5.127739
-5.232965
-1.663818
2.003281
-2.819438
0.588379
-3.560447
0.353938
-3.262890
-0.335335
0.515360
0.455781
-1.542276
-0.654360
-1.115955
-0.456070
1.738098
-4.976923
-4.002491
-2.377777
-0.129146
-1.319498
5.767970
-4.697928
3.454797
-2.824496
3.356568
-0.136313
-0.657030
1.689101
1.664161
-4.656591
1.055112
-4.301400
-3.635278
-2.126484
-1.613885
2.859152
1.111531
-1.048504
-3.736819
0.384383
1.875815
0.132819
-1.587847
-7.001476
0.011022
-1.758323
4.290575
0.393011
-2.791497
-3.870572
1.155027
0.879717
1.324766
-8.460202
-12.369143
-12.216251
-12.514823
-12.307116
-0.987846
-6.057355
-3.322806
-1.278609
0.487168
-1.095720
-6.874828
-0.320566
-3.006789
-1.708698
-3.575783
-2.915942
-1.182194
0.536566
4.283912
-0.590346
-1.155682
-2.259809
0.417086
-1.812541
-2.371958
2.055925
1.831235
1.533093
-0.332252
-0.819137
-1.194403
-5.587212
-1.664631
-2.574795
1.632149
0.136453
-2.244867
-2.648219
3.707582
-2.167757
-5.007286
-0.842943
-0.448540
-0.915633
4.187765
-1.699310
-4.436259
-1.741317
5.238898
-5.528824
-1.731867
-1.644156
-1.232489
-1.165503
-3.658249
-1.862767
-4.179056
-2.516835
-0.588389
-2.589318
4.086581
-3.423470
0.190605
3.579628
-0.886382
3.805262
-3.033121
-2.697707
-4.798210
-3.982350
-4.632240
-0.851341
3.261959
-1.879269
-0.075576
-3.011718
1.996002
-0.024577
2.086025
-3.050776
-4.878603
2.560150
-3.467902
-5.168691
-0.111454
-2.099258
-1.770008
-2.302508
-5.848398
-12.209675
-1.953966
-0.620377
0.395892
-2.552236
-0.437415
0.759675
-4.961834
2.451368
-5.129131
-1.415135
-10.514780
-4.783605
-2.133092
2.282233
0.851042
2.871151
-0.133097
2.344282
0.288531
-0.124092
-3.549051
-2.233615
-3.560989
1.838315
-2.787763
-2.878433
0.714356
-2.855376
-2.498530
-2.651147
0.861101
-2.715512
-1.584014
-1.783199
-1.024267
-0.949256
0.697782
-0.111866
-1.150776
3.175431
-3.348851
-2.788639
-6.455786
-2.919877
0.025053
0.347949
0.121787
-1.507438
-1.635422
2.721646
-0.597690
-1.942226
2.847934
-3.113861
-4.665948
-0.308734
-0.806337
2.114177
2.237513
-4.362041
2.107685
4.292846
-2.477334
4.020528
0.511318
-2.385726
-1.995044
-1.146873
-11.048187
-3.898816
-2.282648
-0.184571
-3.351644
0.645727
-1.632829
3.429138
-2.639754
-1.525279
-1.715742
-3.146317
-0.866244
-2.983442
-4.706038
0.562897
1.056884
-4.858036
-1.753742
0.117753
-2.161596
-1.596032
-2.218087
-0.403900
-1.895920
1.361787
1.986346
-5.714941
-5.060923
2.831136
4.357390
-0.785565
-3.990832
-3.827181
-0.731408
1.548328
-1.575786
-2.886755
-5.024673
-5.878983
-3.547971
0.058010
-1.131497
-0.112766
3.812129
-2.173675
2.010356
-6.021755
-2.539396
-1.977593
0.810620
-3.566905
-1.190539
5.540868
-1.642294
0.861594
-3.516808
-0.982869
-0.448537
-4.074826
-2.910509
-3.627541
-0.628742
5.257879
-5.692666
-1.812866
-1.599413
-3.918662
1.277273
1.751529
-1.220020
-2.040081
-3.484421
-8.823910
-4.635544
-1.500965
-4.938399
-1.931569
-1.136650
-2.013450
-0.064259
1.071693
-3.031677
-1.030058
-1.193679
0.968268
-4.326913
-4.189839
-5.248425
-1.206459
0.654863
-4.861362
-3.149015
-4.028951
-2.391658
-3.730826
1.556755
2.080523
1.698999
0.497626
-1.121456
-4.362264
-3.669864
-2.178972
-2.585000
-0.975311
3.650393
-3.219550
-3.733450
-0.643680
1.440096
-0.947214
-0.439133
0.847955
-2.521406
-3.252313
-0.851421
-1.194299
0.213258
0.784197
-0.233716
-3.587086
-4.737204
-0.364044
-3.411624
-1.828711
-7.786654
4.416368
-1.816953
-8.390650
0.342134
-2.086754
3.108750
1.600819
-0.804120
-6.764540
-0.069157
1.337356
-2.211791
1.032421
-3.484869
-3.661644
-0.753669
-0.552745
-4.464160
-2.382194
-1.788010
-1.068268
-11.465840
-0.684170
-0.048489
-5.212169
-3.256997
-3.072823
-2.093769
-3.688831
0.089588
-0.608311
-0.569699
-5.484390
-2.367241
-2.835821
-1.366308
-9.908964
-4.110267
3.738070
-3.078462
-2.746247
-0.430191
-1.601551
-3.562412
-2.817670
-1.635108
-0.749785
-7.000419
-0.538374
0.897017
0.586321
-12.211610
-6.024612
-0.643701
-2.140821
-2.534472
-1.597915
-11.882332
-1.449491
-3.778987
-2.606620
0.302494
-3.546360
-4.987029
-2.655257
-3.203172
-1.392270
-0.076639
-0.163583
-0.805944
-2.688949
-2.668253
-1.474640
-4.582908
-1.365180
1.679621
0.292346
-1.097557
-2.916465
1.260703
-4.406811
-2.167313
3.124992
-6.701295
1.159683
-2.230909
0.081646
-3.103948
-3.347378
1.556107
-0.543550
-2.875866
-0.712310
-5.492825
-0.868725
2.722026
-0.895054
-3.524520
-1.709930
-7.378933
-3.440377
-7.032901
-2.752578
-4.375472
2.885412
-3.161859
-6.039655
-1.263902
-3.483269
-1.908820
5.432953
3.280088
0.805259
-4.905462
-0.907560
-3.661496
-1.269266
-3.437518
-0.821012
-5.240122
-3.682395
-1.615456
-0.185979
-0.552190
-4.507964
-3.507201
-3.893965
-3.873223
-2.946992
-3.984171
2.742978
-2.265867
-0.946595
-0.081325
1.928723
-3.730893
-3.270867
-1.998272
-2.153934
-1.127646
-1.604778
-0.958336
-2.528182
-2.960410
-6.191796
-0.924732
-5.073017
-4.081410
-0.402548
-2.105812
-0.429500
3.282559
-11.424865
-10.915353
-3.546738
-3.789957
-3.566527
-1.929704
3.658487
-8.008968
-0.619058
-3.662049
-2.786953
-0.431055
-1.693832
-3.878413
-1.656875
0.770360
-1.816751
-4.824255
-4.767253
-2.785877
-3.217953
-0.702729
-4.219681
-4.992715
-4.239900
-2.744390
-3.456205
-4.537865
-3.815888
-1.876795
1.963997
-4.673082
1.510518
0.200408
-4.696220
-1.786171
0.067887
-0.273548
-3.073741
-11.700306
-4.167440
-2.300404
-3.817954
-10.898736
-2.944195
-4.698629
-1.721292
-1.226190
-3.621476
-4.782735
0.546774
-5.103937
-0.751032
-3.305324
-0.894437
-2.180060
-4.461818
-3.750133
-1.259509
2.563900
0.510511
-1.756924
-12.424777
0.339516
-4.156275
-6.360143
-5.705423
-4.102833
-0.658314
-5.713863
0.214895
-3.032243
1.478916
-0.852128
1.674372
-5.067309
-3.058321
-2.005643
-3.293619
-1.852931
-2.531233
-0.088839
-1.168544
-2.514462
-2.030219
-3.037065
-0.585982
-0.663535
0.195262
1.696768
-4.863540
-2.700552
-2.220201
-3.153126
-3.448255
-3.034564
-1.168333
-4.196807
-3.032084
-0.381140
-0.606397
0.686027
-6.504347
-3.248792
-4.699430
-4.488453
-1.963320
-2.612562
-4.065552
-4.620518
-0.928725
-3.095226
-3.042882
-3.526512
-1.640034
-1.477025
-1.874234
-10.944045
-2.652568
-4.668714
-4.807698
-0.241440
-10.834012
-1.726031
-2.606654
-4.118100
-1.687528
-2.480141
-4.661014
4.000415
-2.876711
0.066711
-5.586985
-4.705717
1.313500
-3.643671
-2.428917
-1.718669
-7.188138
-2.132708
-1.502936
-4.474398
-2.893983
-4.750338
-8.521976
-1.842948
-6.058385
-4.132794
-0.203694
-11.405638
-1.848029
-0.824772
-11.605339
-5.172918
-5.834374
-0.632316
0.261946
-1.814627
-1.678290
3.117450
-4.466384
-4.903936
-3.351576
-5.579693
-4.370225
0.663798
-5.956916
-1.032969
-3.430611
4.522500
-1.049047
-1.814722
-3.903130
-0.607677
-2.327161
-1.403415
-3.883878
1.419819
-3.303063
-2.473436
-2.440178
-0.753937
-0.227351
-2.565204
3.461592
-5.137310
-5.940285
-6.617798
-5.609122
-3.039501
-5.304605
-0.042528
-0.365559
-4.293466
-3.757550
-4.894754
-3.375723
-2.955414
-4.083890
0.916626
-1.046723
-3.637222
-0.968280
-4.088568
-0.826029
-1.058106
-0.674985
-0.774842
-1.636997
-1.671688
-2.915900
-2.111715
-0.331974
-3.959929
-8.469188
-2.039548
-1.662279
-4.015569
-4.350985
-1.755372
-1.184194
0.243724
1.573133
-4.976471
-5.086681
-4.171534
1.026226
-2.622869
-1.702839
0.140442
-2.632085
-4.174380
0.095265
-3.089410
-3.290826
-1.282342
-11.978525
-2.599753
0.595428
-0.239828
0.812196
0.941070
-3.341372
-3.696697
-2.509946
-11.356282
-1.779219
-6.155761
0.927394
-0.386369
-3.903261
-3.083536
-2.527101
-2.461628
-4.189272
-3.877652
-2.811405
-5.450225
-3.098673
-2.782669
-2.081334
-1.099399
-2.423898
-1.623581
-2.696096
-5.686999
-5.511319
-1.948688
-1.358468
-6.342920
-4.104958
-6.397901
-0.586233
-3.932548
-0.691253
0.289274
-2.075268
-1.948838
-6.160534
-5.956164
0.493138
-1.690885
-1.145554
-0.913602
-3.787628
-5.504151
-3.692468
-5.515663
-4.878451
-2.190267
-3.490053
2.597995
-1.030311
-1.220147
-3.815987
-4.334500
-2.670716
0.496562
-1.349395
-4.422504
-2.831802
0.969319
-0.473364
-3.552392
-3.889408
-4.854544
-2.560647
-5.405898
1.692387
-3.856572
-1.662174
-3.141951
-0.887192
-0.148821
-8.046700
-0.593472
-3.445414
-2.461333
0.275038
-8.711986
-2.648532
1.224824
-1.439894
-3.957190
-3.415111
-1.222681
-2.294099
0.917276
-4.101672
-5.296063
-4.475902
-3.344941
0.198701
2.641755
-3.394899
-0.884380
-2.325557
-3.100767
-3.490943
-2.153947
-3.018784
-9.416651
-2.254729
-2.056657
-4.465027
-7.079082
-3.768809
-0.019305
-1.898341
-3.129102
-5.113516
-10.842137
-3.723836
-2.348971
-4.844374
-2.142793
-1.410810
-3.437880
-3.885901
-5.187172
-4.530550
-0.588947
-2.511337
-0.948052
-1.544890
-1.522232
-3.706423
0.681622
-5.214498
-4.376229
-2.143723
-12.479067
-0.587063
1.619348
-7.233510
-2.183278
1.163469
-1.550976
-1.923849
-0.173043
-0.315816
-1.966617
-2.177660
-3.287341
-3.976348
-1.214870
-6.392394
-3.634769
-12.347089
-3.335241
0.295217
-4.880676
-1.149907
-1.679106
-4.407646
-2.749618
-4.805356
-4.142092
-3.152908
-6.525895
-0.115544
-5.874917
-0.210101
-0.909373
-3.483307
-2.461540
-2.429378
1.765295
-0.417575
-3.588489
-2.366891
-4.051387
-5.370672
-0.071646
-1.557192
-2.865703
-4.135972
-2.682373
-3.430230
-4.105895
0.025991
-0.339670
-2.212722
-5.368425
-2.725188
-3.170612
-3.303142
-3.000553
-3.762879
0.485925
-2.141386
-1.723098
-2.255235
0.033639
-3.453268
-4.271617
-3.432257
-1.923950
-2.039818
-11.778406
-1.861922
-1.300160
-1.917216
-5.515173
-1.934458
-9.278176
-4.967370
-3.928333
-1.298456
-2.271030
-0.845548
-4.670955
-3.413991
-2.514973
-1.876393
-1.767514
-6.718630
-2.329625
-4.083283
-4.555751
1.709189
-3.549401
-0.259107
-0.580775
-12.193371
-1.038038
-1.460093
-0.957692
-6.190845
-5.476282
-0.285654
-2.620522
-12.369143
1.450509
-4.199453
-1.672644
-3.840299
-2.570478
2.297506
-4.555675
-3.007779
-6.525316
-3.821848
-5.275183
-1.551687
-3.293250
-4.602441
-1.406374
-1.667764
-0.968327
-1.575324
-1.597257
-0.140504
-3.298990
-4.517443
-1.557953
-2.421733
-3.926812
1.278834
-11.916019
-4.182836
-2.591369
-4.533313
1.478743
-4.297629
-4.860458
-6.464549
-3.543891
-0.911496
0.103239
0.216205
-3.028568
-2.205495
-1.131755
-2.656133
0.028687
-2.849610
-0.759149
-2.887801
2.724686
1.874081
-1.565938
-6.901409
-3.691933
-6.175344
-1.971205
-1.209705
0.150178
-2.202031
0.518042
-5.649857
-6.040691
1.094248
-3.289352
-2.137213
-2.468968
-3.394608
-2.153298
0.360574
-9.386776
-1.539748
-3.172505
-3.523254
-4.563099
-4.791621
-0.752961
-2.404942
-0.978119
-0.362805
-3.075376
-3.920511
-3.187110
3.945412
-2.117191
-3.176260
-0.376805
-5.118394
-0.567930
-3.366474
-1.929011
-3.630951
-3.187897
-4.627536
-4.006056
-4.347984
0.312241
-3.957914
-7.383115
1.975945
-3.893576
-5.528368
-2.848302
-2.733053
-2.626590
-3.870593
-5.765387
-5.107621
-5.726034
-0.981452
-2.004606
-4.395730
-2.596148
-1.211908
-2.032946
-3.407359
-0.001432
-2.763805
2.516412
-1.588373
-2.082258
-2.082160
-2.943459
1.108448
-2.828024
-2.955333
-4.109751
-2.391506
-2.305903
1.734900
-3.314713
-2.013484
-2.305580
2.164796
-0.135722
-3.237115
2.263040
-1.761419
-0.311308
-3.317779
-2.083597
-2.021671
-0.198238
-5.453097
-3.320431
1.997782
-2.122163
-3.358793
-9.423518
-2.654561
-5.164306
3.923305
-0.703602
-5.488196
-2.807978
-11.900298
-5.341200
-2.821460
-12.270828
-0.826453
-6.000083
-2.260003
-3.229038
-2.655975
-2.436075
-3.211051
-3.778114
-2.620413
-0.713252
-0.812181
-2.677799
-7.261014
-1.987249
-0.291259
-0.950605
-2.088675
-0.725715
-4.990672
-4.227778
-1.611465
-4.315662
-6.640049
-2.279146
-2.584515
-0.989678
-3.408210
-3.206399
-1.688133
0.055846
0.600332
-2.200670
0.070399
-2.940383
-2.492930
-0.177606
0.370745
-3.992431
-1.668578
-1.165834
-10.404279
-4.377011
-3.442881
-0.353915
-10.575690
-3.204518
0.380481
-3.858744
-3.266948
-3.700454
-3.881221
-1.268536
-1.863137
-3.967067
-6.368659
-8.562816
-3.381157
-4.558309
-7.788352
-4.558763
-4.042608
-1.668856
-2.169879
1.950067
-3.428475
-1.658844
-0.303098
-0.944190
-5.197898
-0.452911
-3.203923
-4.865473
-3.050962
-7.844373
-3.657081
-0.290381
-1.228727
-1.733773
-5.501033
-3.983673
-2.830740
1.097166
-0.122146
0.524796
-2.968662
-1.095854
-1.891875
-4.933820
-3.431094
-3.548774
0.807785
-4.479243
-6.474287
-4.402867
-2.057025
-3.919519
-4.108830
-2.281463
1.518996
-6.215559
4.030532
-3.487188
-2.243405
-5.121521
-1.916505
-3.698308
1.819644
-2.245773
-3.128531
-2.973939
0.205852
-4.376899
-1.723193
-4.087649
-1.454536
-4.232942
-1.414142
-2.223899
0.067307
-2.795192
-0.346565
-0.335853
0.692342
-5.113019
-1.715638
-3.703310
-7.311241
-5.128868
-2.483796
-1.538379
-0.532772
-1.352570
-4.490022
-1.897121
-0.869840
-1.281572
-0.673391
3.871609
0.824243
-3.029406
-0.944973
-5.202422
1.340575
-2.665105
0.186315
0.784461
-0.767611
-4.980857
-3.027689
1.316139
-4.006429
-1.616483
-2.232397
-6.382308
0.953688
-8.537787
-1.472454
-5.846629
-6.902780
-1.593244
0.684576
-1.492525
-3.211295
-5.853419
-5.130986
-4.005494
-5.103225
-4.485865
-3.806473
0.992761
-3.232396
-3.438861
-4.298417
-2.955931
-3.211515
-3.348566
-0.858834
-4.483425
-4.939474
-1.794815
-5.483217
-5.212885
-3.786026
-5.510991
-1.892208
-1.941983
-2.506399
-6.608186
-4.031351
-4.588055
-3.080897
0.299944
-0.450577
-3.053054
-2.408279
-2.648342
1.961974
-1.894845
-4.053855
-1.689185
-0.300202
-3.968909
-3.849510
-3.479174
-4.496993
-1.586881
-3.036055
-2.624233
-3.444866
-6.402400
-4.324924
-4.037347
-2.784223
-3.238364
0.012505
-0.976834
-0.390994
-2.021672
-3.588302
-1.884317
-2.751627
-5.330217
3.040579
-2.780819
-10.062560
-7.549034
0.381406
0.349910
-5.745893
-1.586085
-2.807036
-1.237578
-3.923432
-2.560669
-5.195992
-4.295391
-2.295901
-0.577190
-1.689304
-2.075819
-0.666356
-4.818009
-3.545564
-1.633456
-3.621247
-4.290612
-5.758711
-2.399699
-3.411314
0.771784
-2.851473
-2.783708
-3.148967
-3.075217
-1.853961
-4.285095
-2.114243
-2.208554
-2.770306
-0.005614
-11.784355
-1.237533
-0.214147
-1.606246
-4.626222
-2.368003
-4.547897
-9.081340
-4.794668
0.721146
-6.287581
-2.102010
-7.219354
-1.900360
-7.652293
-1.622426
-0.813708
-4.726750
-5.961054
-3.103730
0.283269
-2.339279
-3.323012
-0.693306
-2.618229
-2.740196
-5.041051
-5.430864
-1.872033
0.373585
-2.321988
-0.708086
-4.969580
-4.960266
-0.895320
-4.036973
-1.041348
-0.644847
-2.709184
-3.965869
-3.032559
-1.708394
-2.281954
-1.349051
-3.327639
-4.057209
-5.036748
-4.987257
-3.248057
-2.958719
-2.924445
-0.863999
-4.740481
-1.306118
-2.563226
1.225116
-1.481932
-2.274554
-2.215493
-3.292431
-2.840194
-1.736453
-2.341429
-0.925663
-1.088031
-3.999178
-0.659403
0.067761
-0.212317
-4.445445
-1.980127
-1.481816
-4.267441
-0.674657
-3.985651
-6.294303
1.168182
-0.758385
-2.266539
-4.399155
-1.876878
-5.708845
-2.219004
-3.063703
-2.796000
-6.113635
-3.979078
-7.348708
-4.513202
-0.762034
-3.420260
-3.429700
-0.336505
0.761917
-2.141037
-2.471276
0.481756
-2.002275
-2.318259
0.779924
-0.720350
-2.633961
-5.447972
-1.363332
-5.503837
-9.875630
-3.850440
-1.231733
-11.268597
-2.946167
0.960638
-1.785930
-1.963633
-5.332205
-3.168244
-3.075774
-5.907592
-4.021899
1.081943
-2.080797
-3.832498
0.441598
-2.532216
-4.276217
-0.938308
-10.866914
-2.906773
-3.410973
-2.707113
-4.797191
-1.888055
-3.822111
-2.199003
-1.444552
-4.144708
0.443284
-3.570029
-3.066051
-2.578686
-1.859123
-2.463183
-4.996302
-4.703085
-0.841725
-5.115629
-5.097596
-2.066087
-2.755211
-1.423932
-3.754424
-1.994841
-4.900386
0.448270
-6.423680
-7.375929
-0.368087
-5.099973
-1.367464
-5.353246
1.304547
-3.808327
0.004454
-2.977280
-2.807084
0.627384
1.007379
-5.699478
-5.147527
-4.411211
-0.709667
-3.941545
-0.828783
-3.464246
-3.032408
-2.748614
0.749976
-3.444468
-1.841813
-0.684313
-4.147784
0.056040
-5.633612
-4.893054
-1.085941
-0.230546
-10.768810
-1.664412
-0.723893
-5.253858
-1.521072
0.156416
-3.800982
-2.089975
-10.445770
-4.836811
-3.317425
-1.641283
-5.088977
-6.447376
-0.901839
-2.846272
-3.182605
-2.470077
-1.919349
-4.153491
-4.715883
-2.537127
1.777152
-5.399894
-3.284662
-8.201069
0.131903
-4.076081
-5.781059
-4.046396
-2.062371
-9.040680
1.907576
-0.838300
-5.306970
-0.209762
-3.230803
-2.774789
-2.452828
-3.839350
-5.328348
-3.069574
-6.336648
1.989568
-10.770451
-2.605000
-11.731359
-1.592008
-2.886380
-2.962327
-0.187420
-4.705157
-1.719275
-5.345136
-0.312316
-1.832738
-4.970086
-1.606571
-1.740862
-5.449754
-0.039876
2.697164
-10.448363
-2.436087
-4.432107
0.996744
-5.632846
-2.267197
-1.447513
-12.323294
-1.764134
-2.616101
-2.033736
-10.880551
-2.402315
-0.218867
-0.906605
-2.136059
-1.533352
-5.087645
-1.674711
-3.802280
-2.194771
-5.199022
-4.845696
-3.043478
-2.066210
-1.062767
0.854110
-5.937669
-1.189288
-2.004336
1.705900
-1.674724
-4.076890
-2.977978
-0.099023
3.525181
-6.272370
-3.725561
-5.858179
-4.891935
-2.747525
-1.834659
0.408396
-5.561306
-2.405825
-0.189133
-3.476022
-3.679021
-6.986134
-1.799289
-1.928413
0.060781
-1.553689
-11.591371
-1.147577
-6.557987
-5.240794
-2.604633
-3.344622
-0.493095
-1.555159
-2.125838
-4.053571
-3.938122
-2.240485
-3.565374
-0.116036
-10.376214
-12.280052
1.298740
-3.721913
-2.894873
0.090044
-3.090036
-5.744689
-0.875292
-5.069155
-6.319899
-4.389887
-2.456725
-4.382861
-0.775930
0.430450
-4.327002
-5.817912
-3.632626
-2.559875
-5.435607
-3.297939
-1.903999
-2.290854
-3.692817
-0.491958
-4.899992
-1.227675
-2.381116
-2.512497
-1.714679
-2.999965
-0.203233
-0.310537
-5.371289
-3.773317
-1.725548
-4.129704
-4.709126
-3.923048
-1.802073
-2.142580
-3.548106
-3.728317
-1.029183
-2.049709
0.731988
-0.868143
-3.468550
-2.219420
1.034899
-2.354666
1.282835
-3.574616
-0.273028
-3.549943
-3.404705
-0.697402
-3.200919
-5.683608
-2.296946
-4.032663
-4.356845
-2.249802
-5.671365
-4.720106
-4.923614
-2.407085
-0.329968
-4.347196
-2.840613
-0.738263
-3.296880
-1.432306
-2.545939
-5.492864
-1.180691
-4.304993
-0.222840
-1.162414
-1.771201
-4.242536
-7.507196
-0.922713
-5.857994
-3.087844
0.650898
-2.838060
-1.049128
-2.381633
-3.074449
0.817499
-8.514689
-0.621338
-3.043517
0.489447
-2.764307
-4.881066
-0.561749
-12.212949
-4.376527
-5.060174
-3.271374
0.607151
-4.391268
2.431455
-4.848827
-2.329722
-3.096911
-6.173510
0.352684
-1.533270
0.948401
-4.566227
-2.322883
-3.543865
-2.624215
-4.374316
0.368231
-1.496480
-1.764714
-3.045968
-2.827150
-7.027847
-3.930792
-4.555802
-4.381796
-1.586324
-0.458636
-5.903723
-3.220609
-7.323050
-0.363133
-0.041357
-2.465558
-3.225377
-4.967361
-1.557753
-2.814948
-9.304938
-6.007329
-3.727458
-0.344537
-11.745193
-1.236662
-2.359420
-1.519189
-5.139879
-12.933154
-7.803441
-1.153437
-2.093902
-1.039176
-4.656556
-2.660200
-1.933729
-3.456084
-3.946737
-1.912933
-5.390664
-1.563918
-3.709234
-2.625918
-1.856793
-2.886150
-5.009418
-4.977744
-0.250113
-4.390399
-10.740036
-4.855165
1.199856
-3.714909
-0.933324
-4.506292
-3.983544
-0.793768
-4.468011
-4.256506
-4.044437
-0.656196
-2.665547
-6.978433
-3.967700
2.794400
-3.610538
-2.220369
0.846679
-1.572769
-2.086594
-3.048119
-1.351566
-6.533310
-0.040340
-3.595863
-2.379358
-4.952090
-3.988758
-6.163242
-4.143628
-0.916823
0.587847
-4.255688
-2.473379
-3.017201
-4.283322
-4.396029
-3.895844
-3.866898
-3.848386
-2.909856
-5.039114
0.355587
0.643463
-1.844465
-3.695650
-1.902183
1.095710
-2.408979
-5.579649
-3.267108
-2.273837
-2.524423
-2.844609
-3.973796
-1.668189
-3.853364
-3.239366
0.317744
-2.179893
-3.136071
-3.352142
-2.594410
-1.517744
1.115083
-5.064583
-6.816641
-2.392595
-1.783727
-12.285552
-2.310874
-3.060585
-4.747037
-5.101668
-4.547889
1.561167
-1.085613
-3.311991
-3.871913
-0.946664
-4.426573
-2.854717
-3.138956
-5.704410
-1.262294
-1.271052
-4.341762
-2.252028
-2.245870
-2.009007
-5.821617
-3.164637
-3.048945
-2.301869
-3.889208
-6.553617
-11.320906
-11.031237
-1.956511
-11.856329
-4.705776
-3.009218
-2.055813
-4.063415
0.136828
-2.236541
-3.433479
-4.505301
-3.130259
-4.765362
-1.217802
-1.725962
-11.118569
-0.807444
-1.697740
-6.547477
-3.792798
-1.881018
-11.978455
-1.314786
-1.037210
-3.975033
-3.922032
-2.896205
0.880356
-5.260139
-3.327500
-1.498534
-3.926720
-3.722657
-4.227048
-4.698377
-1.989679
-2.039684
-3.344359
-5.600493
-3.249915
-4.393622
-2.685671
-1.761990
-4.661770
-6.198185
-3.115281
-0.925185
-7.342263
-3.961424
-0.195511
-3.108739
-2.628470
0.717218
-4.602134
-2.325712
-3.326024
-2.204186
-5.635339
-4.316573
-1.015412
-3.327224
-0.807280
-2.411389
-2.927634
-1.605808
-3.127332
-5.343434
-4.086853
-2.073494
-3.635163
-0.747774
-4.077282
-2.655562
-1.747129
-4.686938
-4.657077
1.140038
-3.653914
-2.936624
-2.288951
-3.807167
0.342235
-2.562002
-5.407429
-2.588564
-3.714474
-5.190954
-1.271610
-2.627046
0.096630
-1.638145
-2.136458
-4.857513
-3.565171
-1.604762
-4.668767
-1.579643
0.441072
-1.587282
-3.054547
0.701672
-2.275924
-4.102664
-3.368990
-5.048632
-3.350244
-0.056106
-4.839472
0.100214
-1.681469
-3.084691
0.311720
-12.061990
-1.385253
-3.208462
-1.070249
-2.684501
-2.303409
-6.605688
-4.082118
-5.654837
-5.408004
-3.276238
-11.519823
-3.261933
-4.198001
-9.420757
-3.629961
-4.361489
-2.808972
-4.859385
-1.314956
-3.458149
-0.904446
-3.477212
0.027750
-0.184695
-1.996078
-7.007693
-6.728169
-4.537821
-11.823465
-3.199752
-4.187291
-2.764599
-1.654431
-2.584649
-1.974524
-3.958863
-11.730179
-10.172183
-7.465513
-5.318460
-4.511651
-2.760948
-1.553295
-1.564427
-1.827793
-3.752878
-3.094755
-4.194544
-0.694267
-3.002642
-3.731049
-6.899055
-3.628668
-4.029900
-2.085246
-2.348891
-2.186810
-3.169394
-3.117133
-5.240674
1.446701
-5.286856
-2.180424
-2.924142
-1.101585
-4.794601
-2.860576
-5.190316
-5.820836
-2.585430
-4.048756
-3.800216
-5.216518
-3.871094
-4.882967
-5.222985
-2.353414
-3.524422
-4.369452
-3.943594
-4.443052
-1.671448
-6.133368
-1.621637
-1.583967
-1.605297
-0.506860
-3.316396
-5.301750
-1.719395
-5.390767
-8.186889
-4.531840
0.238934
-2.351357
-0.629708
-3.268384
-4.525855
-10.095941
1.774842
-2.347667
-3.352565
-3.144724
-2.474327
-1.319932
-3.338495
-3.563507
-3.812448
-6.842876
-4.767753
1.252204
-2.666293
-6.574387
-5.078559
-5.501956
-1.442349
-2.598654
-2.344115
-0.943694
-10.681342
-1.549780
-1.039635
-2.200702
-3.172596
-6.077778
-2.642956
-1.684306
-4.225717
-3.125332
-3.634813
-2.628190
-2.773814
-1.280063
-0.615522
-0.991909
-1.655456
-5.756707
-1.307646
-0.143936
-7.274077
-2.998189
-0.998236
-2.264414
-5.990875
-5.241998
-3.002275
-4.613339
-9.429086
-3.724687
-4.539639
-5.311776
-0.166534
-2.657372
-4.476307
-5.019383
-3.355932
-2.024555
-4.038990
-2.204045
-1.889683
-1.967632
-6.508010
-2.017279
-1.583104
-2.400440
-1.562492
-3.167372
-5.476075
-1.743625
-3.243695
-2.055187
-3.215585
-5.759091
-3.954004
-3.219228
-6.597584
-1.885795
-3.621557
-4.633770
-2.516869
-10.534739
-10.453758
-6.453229
-4.614171
-3.309386
-3.880460
-3.179015
-3.830953
-2.531612
-1.562282
-2.156559
-1.720804
-2.352393
-4.425775
-3.864537
-0.337102
-4.626301
-4.938977
-4.008023
0.240447
-1.807731
-2.581693
-3.893342
-8.406065
-5.005290
-3.999604
-2.984529
-3.814487
-1.688673
-3.821878
-6.300622
-5.673632
0.491025
-3.040766
-3.294706
-3.928434
-1.962200
-3.035116
-6.009980
-3.241382
-3.097447
-5.050886
-4.199040
-3.454264
0.135029
-2.756394
-8.742572
-4.214565
-4.103664
-2.811037
-6.988435
-1.902973
-9.442607
-2.117379
-3.181911
-1.774148
-10.432361
-4.230107
-7.030240
-0.180809
-3.223883
-2.411815
-2.835907
-3.730929
-2.244455
-2.189655
-3.940447
-0.352453
-2.289818
-4.428431
-3.143957
-7.424441
-3.221889
-1.920940
-3.719149
-2.706187
-2.741530
-2.776322
-12.316924
-0.644058
-4.500803
-3.746630
-4.215797
-4.587064
-7.908084
-3.316542
-11.258850
-8.926979
0.288208
-1.576392
-4.268179
-1.972438
-0.850610
-3.991819
-2.592772
-2.955685
-4.199098
-2.612486
-2.022997
-1.392566
-2.841858
-3.372522
-2.310898
-1.229810
1.354703
-5.930281
-4.525843
-3.561516
-2.486631
-6.089639
-0.936837
-0.891126
-3.265847
0.198815
-3.468768
-1.868315
-1.208294
-3.074242
-5.244507
-0.500035
-3.804596
-2.607946
-4.363168
-3.154994
-3.748483
-3.463171
-6.672494
-4.065072
-2.796519
-2.703345
-2.578177
-2.503266
-0.356786
-2.032412
-3.188235
-4.755701
-3.431348
-5.466896
-3.832451
-2.401766
-3.974458
-4.678012
-1.960321
1.543810
-4.067849
-4.210177
-3.367300
-1.274090
-5.159843
-2.043130
-4.996258
-2.862075
-1.270670
-2.826398
-1.897487
-3.964717
-5.909773
-3.129630
-2.214825
-5.024617
-1.196003
-2.347036
-8.179191
0.524368
-1.062926
-2.318905
-3.446425
-2.469045
-4.122419
2.971811
-1.365166
-0.551160
-2.379427
-3.614935
-5.164281
1.046945
-3.331780
-6.324411
-2.641598
-3.702628
-2.000530
-3.441882
-0.561228
-6.074069
-3.594390
1.382107
-5.077538
-2.688858
-2.903990
-3.543446
-0.223408
-2.711319
-2.626824
-5.165718
-6.044834
-2.868815
-3.336789
-2.650461
-2.187142
-3.353067
-3.861151
-2.758008
-2.375073
-1.784649
-1.490095
-3.672408
-2.627471
0.109643
-1.244023
-2.318951
-1.321453
-2.854470
-1.601257
-2.127134
-3.870885
-1.304736
-6.750993
-4.181954
-2.137326
-4.295421
-4.238158
-4.740356
-2.749854
-3.991670
-1.879029
-1.218508
-2.718691
-1.692356
-3.357416
-3.584058
-4.066010
-2.811308
-2.905092
0.425090
-0.874610
-4.460152
-5.646314
-3.261063
-3.918691
-3.263661
-7.634076
-5.017538
-1.584607
-2.881963
-3.019053
-5.064698
-1.812678
-0.962800
-2.206599
-2.844228
-2.851841
-6.263508
-3.331846
-5.170732
-3.992725
-2.169799
-3.416993
-6.244818
0.933001
-4.863843
-3.948115
-4.912169
-4.163394
-5.928606
-4.758320
-3.036106
-4.352963
-2.211785
-4.358610
-4.393009
-4.669003
-1.175881
-12.391079
-6.195087
-2.647128
-5.727856
-1.026127
-3.889333
-4.525168
-5.541210
-2.781283
-2.607954
-2.034810
-1.333418
-3.802224
-1.712570
-3.845750
-5.628089
-12.037815
-5.619473
-2.378740
-3.799439
-4.519704
-5.955500
-5.906842
-2.401264
-3.346928
-2.009110
-4.628973
-6.159797
-6.997178
-2.566601
-4.826389
-2.644763
-3.019926
-2.254987
-6.002979
-7.339286
-3.438699
-2.161873
-5.882559
-5.196340
-4.414884
-7.748440
-3.748087
-0.959955
-4.458470
-4.482217
-3.761751
-3.984903
-1.222295
-4.628031
-0.805206
-5.573328
-1.896736
-3.208417
-3.186603
-4.801256
-1.584919
-3.194526
-0.413765
-4.637381
-4.138136
-4.249071
-7.112063
-2.690777
-0.885440
-12.371543
-3.015582
-3.230775
-0.690647
-2.818590
-9.125614
-2.170666
-4.247535
-4.399847
0.714634
-1.486918
-3.207243
-1.970420
-3.932493
-11.850868
-3.966409
-3.798522
-4.933931
-9.498358
-3.671915
-9.894922
-4.001608
-4.012311
-4.779686
-1.321349
-6.049279
-1.689236
-3.602956
-5.266429
-10.591746
-4.590063
0.702275
-4.053952
-4.160851
-10.243512
-1.379619
-3.169020
-3.905653
-3.888036
0.632864
-9.170225
-3.728417
-4.941168
-4.758344
-2.898739
-9.361784
-3.420896
-4.550364
-1.725999
-2.813045
-3.120470
-4.218828
-6.649397
-3.781243
-1.868098
-2.692717
-3.232648
-4.293163
-3.786807
0.835424
-3.070659
-8.494356
-4.791041
-1.658337
-2.287526
-3.121255
-3.449483
-4.858069
-0.620030
-2.127208
-1.946807
-4.020321
-5.529236
0.465788
-1.699853
-4.252327
-4.847126
-12.175101
-3.129018
-4.633576
-1.312979
-4.412631
-1.862095
-4.133054
-4.669136
-3.240740
-1.699026
-3.040490
-4.356722
-1.451754
-0.141967
-3.996977
-0.295100
-5.897559
-5.741321
-3.977274
-4.730856
0.551450
-2.295779
-2.178136
-3.577368
-1.305529
-2.591865
-3.974306
-2.856184
-4.733464
-5.023892
-3.705714
-2.426210
-6.048693
-3.208130
1.648422
-0.560523
0.654368
-3.532343
-2.843557
-10.802242
-3.444955
-2.640075
-0.855843
-1.461214
-5.054929
-9.410276
-5.059704
0.216592
-3.275726
-6.239210
-2.008238
-1.541639
-3.595758
-1.309951
-2.197386
-4.746862
0.566948
-0.065437
-3.478891
-1.459202
-4.432559
-4.159466
-1.058078
-2.058776
-4.067790
-4.076040
-1.881387
-3.359422
-1.473849
-6.048002
-6.577637
-11.137491
-3.257778
-4.215174
-2.957389
-0.555046
-3.455347
-0.981882
-2.097646
-2.027382
-2.862483
-2.528635
-4.121458
-4.962408
-1.064066
1.243843
-3.671072
-3.399449
-2.926451
-4.563643
-1.819569
-1.570450
-1.729102
-0.794254
-7.340580
-4.421120
-2.075604
-3.775278
-3.258551
-2.381992
-3.924319
1.045119
-3.233483
-1.514674
-3.213652
-2.875418
-1.711351
-10.613020
-3.328968
-3.156990
-1.885000
-3.030704
-7.311846
-0.299207
-3.765788
-2.254366
-5.938415
-0.166397
-3.685351
-1.388988
-2.495779
-5.050759
-3.455184
-8.534670
-4.718462
-3.180550
-3.812619
-3.759362
-4.955038
-3.674288
-2.327330
0.400812
-1.505788
-3.952649
-0.677867
-11.404716
0.864022
-5.037359
-2.202395
-3.719588
-3.432579
-5.400582
-2.930025
-4.869036
-0.579157
-4.488129
-0.302233
-2.007919
-4.620795
-3.914087
-10.256306
-8.065459
-2.672924
-9.891220
-7.069888
-4.986074
-3.128380
-1.972393
-8.240063
-2.744712
-3.507298
-6.963887
-1.271209
-1.997953
-2.555667
-3.598156
-9.970818
-4.636823
-7.010957
-8.071685
-2.351046
0.458015
-5.689629
-3.462661
-3.703184
-0.272188
-3.342987
-0.192135
-3.358248
-3.037741
-4.266192
-4.394563
-3.047199
-1.502174
-2.814586
-3.995914
-3.350734
-6.065354
-2.386554
-5.518585
-4.703769
-3.739659
-4.566726
-0.938006
-4.502260
-4.082284
-4.619966
-4.415650
-2.869576
-5.067757
-3.862207
-6.227695
-3.087348
-2.714639
-0.439067
-0.959592
-5.876932
-3.182431
-2.364261
1.235118
-1.588937
-3.037359
-2.878961
-4.583640
-5.265625
-2.393193
-2.254630
-4.575783
-0.836955
-1.781122
-5.089675
-4.562387
-3.606654
-3.073201
-4.563046
-8.468258
-3.574744
-5.426061
-3.587889
-3.177236
-3.774752
-2.974632
0.656006
0.596539
-4.496864
-4.211760
-0.000101
-1.348473
0.135969
-5.864040
-4.684768
-3.542751
-1.885156
-1.871967
-4.055527
-2.748822
-5.779117
0.116360
-5.416373
-3.402854
-9.018295
-3.199599
-4.554444
-1.297624
-7.726208
-2.541717
-3.559639
-3.493639
-3.114646
-6.437676
0.765998
-3.799832
-0.809651
-8.873492
-2.509718
2.539941
-1.074263
-1.188881
-3.007136
-4.753387
-5.047406
-4.154544
-10.288726
-5.313191
-2.353423
-7.062524
-1.025604
-3.957759
-4.211581
-3.531400
-2.048359
-6.142710
-1.664962
-3.967813
-2.819425
-12.272557
-5.265940
-10.275674
-2.482034
-2.911075
-7.393937
-4.504821
-3.471311
-5.825206
-3.666868
-1.329614
-3.074522
-2.965464
-2.909226
-5.965334
-2.354190
-5.374715
-5.306112
-3.318774
0.507963
-3.599770
1.104558
-3.165514
-5.127952
-1.825893
-4.090253
-0.571864
-6.935644
-3.647758
-4.275466
-1.988288
-2.253175
-7.386864
-5.787851
-1.145384
-2.354673
-1.739283
0.103189
-2.273107
-3.077609
-2.027738
-2.035778
-5.798675
-2.896326
-1.846988
-1.446062
-3.978577
-1.581385
-3.486822
-4.955619
-3.869468
-4.243979
-2.437193
-2.209778
-3.063606
-3.270256
-3.094016
-4.329157
-5.273915
-2.922273
-5.001330
-4.886147
-2.947588
-3.449278
-2.734093
-8.174645
-6.842878
-3.012078
-4.694411
-2.066207
-3.269263
-2.158067
-2.457567
-3.922206
-5.063900
-2.769252
-0.880711
-3.545362
-0.764250
-0.863720
-12.248951
-10.388587
-3.047374
-1.248228
-2.192364
-4.268138
-5.036638
-8.275666
-0.342887
-3.225321
-0.318482
-1.264297
-1.585278
-1.498953
-5.736899
-8.398193
-5.735165
-4.412019
-0.991088
-2.060992
1.616718
-7.303973
-2.030614
-8.704995
-3.705554
-9.957452
-3.229145
-3.572898
-3.298161
-3.992601
-3.747699
-9.922168
-3.783363
-2.244529
-3.172197
-2.108285
-2.059095
-3.930747
-2.387263
-3.185384
-1.472892
-4.268429
-12.449286
-4.660194
-1.337848
-6.030281
-3.058742
-1.688859
-3.175785
-6.130756
-2.217193
-2.821748
-6.471309
-3.209921
-3.722465
-4.424681
-2.209707
-1.741396
-3.383673
-5.808766
-4.416641
-6.856726
-3.269103
-2.632477
-2.410509
-6.778926
-4.690787
-4.713301
-2.480679
-3.232615
-2.179811
-4.110493
-0.841053
-4.479209
-7.471140
-2.627752
-0.199590
-9.391809
-1.705232
-0.859774
-8.799525
-2.504887
-2.982920
-4.323283
-4.299852
-3.100090
-3.390762
-5.904944
-4.116754
-6.450367
-3.487173
-8.021467
-5.293253
-4.024505
-5.411114
-2.683646
-4.237395
-3.212172
-3.610804
-3.963652
-1.874472
-0.499754
-4.065056
-1.901899
-4.171487
-1.838548
-8.235575
-1.067567
-4.380883
-0.393359
-3.508812
-4.569900
-0.433073
-3.802781
-1.371381
-3.482209
-2.956964
-2.717037
-5.214294
-3.007284
-3.419688
-5.748056
-3.322679
-1.641351
-8.510582
-6.636554
-3.674707
-5.315373
0.756679
-0.780859
-3.744514
-5.581454
-2.315750
-2.561325
-0.762183
-1.703487
-10.765044
-9.241986
-2.163180
-5.716769
-1.659116
-1.979991
-11.179682
-2.360031
-4.214031
-2.751871
-3.272316
-6.329383
1.938990
-3.767208
-3.768766
-10.082611
-2.635517
-12.286505
-3.746506
0.734677
-2.208294
-7.139568
-4.178214
-4.720112
-2.966616
-7.246963
-12.621688
-0.898813
-3.989471
-4.074813
-5.045156
-0.932711
-12.281007
-4.576735
-12.053388
-5.156154
-5.317732
-0.970487
-3.529556
-3.573622
-4.258451
-7.716566
-2.636099
-1.364359
-5.671771
-3.293933
-1.487646
-6.481541
-7.366498
-0.920032
-10.361106
-3.469914
-3.540327
-2.185791
-4.961370
-5.886659
-4.311351
-2.452404
-3.197547
-3.755142
-2.457504
-1.698836
-2.668968
-1.902449
-3.079257
-0.371346
-4.662392
-2.834866
-2.670137
-2.857069
-2.288678
-3.596478
-4.383465
-1.335922
-4.188857
-5.385338
-5.055446
-4.696404
-5.086837
-2.111740
-2.455893
-5.689016
-3.810616
-1.731347
-5.062106
-10.045114
-3.068391
-2.336739
-3.589902
-3.439570
-2.982333
-5.672933
-3.503432
-10.836848
-3.515149
-3.059012
-5.002370
-2.050395
-7.632344
-2.851683
-9.190660
-3.622844
-2.472980
-6.622344
-0.298486
-2.741398
-4.365090
-3.418737
-10.107080
-0.880049
-1.904410
-3.838377
-3.699151
-4.916120
-3.847868
-2.293687
-1.632994
-5.458306
-0.753318
-5.249464
-0.388553
-4.452098
-2.249607
-4.808024
-12.314016
-2.350227
-2.838822
-10.866474
-6.705035
-4.237913
-3.057426
-8.043228
-1.465251
-3.011361
-5.638144
-3.909463
-5.798414
-3.164350
-2.795591
-4.906602
-1.747172
-2.819203
-2.243138
-12.343143
-2.972431
-0.939379
-3.249002
-2.770019
-2.415314
-4.339375
-2.054039
-7.908643
-4.627042
-2.818671
-10.008744
-4.180441
-2.952288
-4.086267
-1.235831
-2.914005
-12.038106
-7.544948
-4.804359
-4.031390
-3.224229
-4.670862
-2.646760
-5.283809
-8.264356
-5.536195
-9.000994
-3.043007
-2.702993
-3.608475
-6.599222
-5.034654
-2.423456
-3.528033
-4.851812
-5.264742
-1.827138
-4.748886
-2.695055
-4.964088
-1.503568
-5.399667
-1.093331
-0.698492
-2.984639
-2.573672
-0.601645
-2.812526
-11.147646
-3.284676
-4.298227
-3.261034
-4.260611
-5.981167
-3.389446
-3.575961
-3.543535
-1.860660
-4.761059
-4.685393
-12.327573
-2.909578
-5.609629
-3.455436
-3.727047
-5.019365
-4.815121
-2.205934
-3.087088
-12.539721
-3.891278
-2.426426
-4.847005
-3.074227
-1.948945
-1.641143
-9.534392
-2.741833
-2.821559
0.211363
-3.208206
-2.001305
-1.506505
-4.502332
-3.995560
-3.252266
-6.546821
-1.245808
-0.583830
-3.269686
-4.433130
-5.160127
-3.230364
-3.863151
-2.523179
-5.245057
-2.379276
-2.162050
-3.875735
-3.699636
-2.383422
-3.510875
-3.041546
-2.179786
-3.025886
-2.310467
-6.767220
-4.885872
-0.663672
-3.134145
-3.657243
-3.271648
-3.259562
-1.524526
-0.770583
-2.339045
-2.882315
-2.333102
-2.052642
-2.522249
-5.165731
-3.248979
-2.805195
-4.792927
-10.102188
-3.673653
-3.057330
-3.352709
-4.583440
-5.427292
-4.606591
-3.389737
-4.636336
-4.089358
-4.836734
-3.695725
-2.739578
0.066664
-5.022099
-2.947158
-7.371861
-4.791873
-7.138809
-4.039549
-8.303104
-0.558614
-3.675935
-3.498628
-2.370626
-6.220415
-3.591158
-3.745732
-3.296361
-4.211005
-4.297138
-1.126207
-3.054122
-1.992018
-0.781223
-2.436412
-11.468359
-0.631729
-5.751499
-3.875283
-1.648324
-2.469783
-5.198207
-0.877378
-3.561170
-11.741487
-3.734722
-4.619076
-4.057380
-11.047031
-8.259526
-3.196622
-4.393189
-2.801906
-3.432257
-3.443133
-3.810281
-3.706432
-4.364189
-3.247629
-2.617293
-1.885843
-1.421719
-3.519271
-2.401524
-3.621982
-5.446839
-7.169529
-4.810143
-5.304902
-1.149750
-3.989085
-2.972459
-3.444397
-12.488556
-4.322201
-3.011731
-5.214585
-3.492668
-1.970747
-1.298578
-6.075001
-3.712923
-1.789027
-3.678213
-3.980026
-6.469999
-3.883750
-3.932155
-2.176140
-1.526686
-5.506053
-4.116234
-2.682644
-2.755271
-10.161192
-6.329488
-3.211976
-3.809998
-3.060659
-0.879563
-12.254510
-9.894441
-8.437989
-1.855418
-5.246084
-2.323530
-1.358215
-6.049826
-0.764215
-2.435523
0.915492
-1.953791
-5.360300
-3.887826
-7.075325
-3.616139
-2.804092
-3.357430
-3.323401
-3.715201
-1.920736
-11.308803
-3.200616
-9.155463
-5.486644
-2.057670
-4.304896
-3.640633
-1.887396
-2.224876
-2.478901
-2.037560
-3.537145
-2.439320
-1.417930
-3.669256
-4.424623
-2.499730
-7.964101
-8.615591
-3.859061
-5.420179
-12.289259
-4.225337
-10.804796
-1.594149
-2.441311
-4.420553
-0.918529
-5.700642
-12.251101
-2.520655
-3.083811
-2.711818
-5.829882
-4.180840
-4.467486
-5.603754
-3.510753
-3.232290
-3.620984
-1.489947
-1.908724
-3.222771
-5.676627
-3.327824
-3.302022
-2.757517
-3.262632
-4.380658
-1.154063
-5.625047
-2.638089
-4.368158
-2.273065
-1.937600
-1.857287
-3.041081
-5.156967
-12.356434
-4.919901
-5.745514
-3.862696
-6.344202
-11.389926
-3.050651
-9.454334
-4.924933
-4.541315
-1.904324
-2.579158
-2.697263
-2.334395
-1.812853
-3.541308
-2.335279
-12.387754
-3.634857
-10.762472
-0.890722
-4.831970
-3.107221
-10.301166
-10.136846
-2.475127
-1.882202
-4.381865
-3.726265
-0.878619
-1.282255
-3.887568
-4.461750
-3.797875
-1.680704
-3.294111
-2.770929
-0.435965
-2.113036
-2.133693
-4.331535
-2.776465
-4.980304
-3.058979
-5.600732
-2.894831
-2.332559
-4.629889
-4.553607
-3.847429
-3.908643
-3.474098
-2.373387
-1.263822
-3.520770
-2.482506
-4.415370
-4.208188
-4.223067
-3.967789
-5.732209
-10.328128
-7.024641
-6.988717
1.067148
-4.553838
-2.012458
-0.655796
-3.069805
-1.361047
-5.346002
-2.468134
-3.939959
-2.467866
-11.088081
0.310465
-11.156603
-2.522741
-5.613112
-4.748561
-3.812239
-2.852134
-5.900701
-12.257592
-2.261260
-5.072163
-2.000537
-2.133730
-1.841342
-2.849285
-4.543371
-10.147509
-2.505994
-3.296649
-2.232228
-3.488047
-11.908730
-5.843739
-2.896051
-12.190470
-2.727359
-2.551580
-0.675463
-3.563505
-2.588869
-1.299620
-10.834233
-4.208693
-5.542879
-5.896994
-5.330435
-4.979545
-11.380882
-1.792330
-5.222486
-3.252553
-2.354304
-3.580943
-2.615668
-2.620384
-3.264333
-4.080441
-3.134291
-4.524449
-6.350749
-10.950923
-2.658304
-2.211349
-3.629004
-3.716944
0.136230
-2.511143
-1.079661
-4.482864
-11.434870
-2.845183
-3.599040
-3.161143
-3.750247
-4.524246
-4.406083
-5.636870
-2.336711
-5.719235
-0.563964
-4.694744
-3.390287
-4.117197
-2.900590
-4.688736
-2.882361
-2.391484
-5.222990
0.695902
-0.688347
0.270541
