8
1 500 1000 200 42 777 13 99
-1.143506
8.060955
2.918362
-2.492574
-3.441840
-2.595961
-0.756191
4.285829
-3.164912
-1.685861
-2.807266
-2.764872
6.303899
3.034647
5.260688
-2.824440
-1.261345
-2.496524
-2.389094
-4.541868
-2.778880
-2.626457
-2.857843
-2.982775
-3.732532
-2.729873
2.840549
1.711583
-3.573467
-2.470201
-3.723553
2.265119
-3.106081
-6.392544
-3.381678
-6.306205
-3.254231
-2.573771
-3.830926
-3.506574
-1.369057
-5.498821
-1.821667
-5.592656
-4.528463
-2.076165
-5.399818
-3.162558
-5.792242
-4.723605
-2.519585
-3.280860
-1.801204
-3.604499
-6.497004
-3.781143
-4.733107
-4.899307
-5.073570
-2.743057
-3.100296
-3.571579
-3.639151
-3.400980
-1.093112
-1.368813
-3.351505
1.773212
1.642599
-4.546020
0.274543
-1.578480
0.412221
0.234040
-4.498734
-0.860605
0.162037
-0.106405
-0.832102
-2.433689
-0.751885
-4.071443
-2.341538
4.835730
-0.592190
-1.266827
-4.503057
-1.428400
-3.203320
0.716362
-0.781288
-3.058392
-3.348670
-4.115664
-2.708480
-3.035079
-3.149927
-3.847501
-3.937359
-3.270372
-2.169191
-3.834926
-2.811903
-2.481847
-3.682296
-3.324712
-3.948453
-3.395281
-3.751370
-3.098119
-2.720521
-3.562491
-2.575436
-1.212491
-2.883275
-3.246525
-3.801831
-3.749238
-4.129910
-3.823238
-3.531015
-3.597769
-3.728995
-3.148114
-3.461379
-3.910746
-2.771080
-2.885202
-2.772136
-3.173239
-3.769760
-2.391239
-3.369764
-3.381754
-3.541285
-2.719370
-3.439589
-2.646290
-3.671517
-3.671377
-3.636456
-3.871319
-3.324311
-2.468864
-4.128047
-2.877656
-3.386817
-3.576572
-3.713550
-3.434845
-3.126097
-4.049644
-2.825383
-3.816574
-2.914479
-3.313966
-3.668621
-3.532711
-3.538906
-2.275160
-3.333176
-2.919630
-4.117887
-2.598819
-2.875580
-3.191449
-3.864196
-4.212849
-3.664743
-3.184314
-3.180283
-2.912452
-3.686899
-3.305387
-2.335494
-3.185441
-3.242720
-3.712310
-3.307028
-3.461484
-2.911663
-3.044406
-2.980563
-3.469632
-3.828383
-3.598994
-3.254468
-3.290607
-3.366587
-3.292553
-3.019835
-3.580171
-3.553624
-2.888011
-4.202721
-3.211537
-2.489367
-3.213087
-2.798698
-1.804279
-2.846819
-2.987012
-3.544041
-3.372651
-3.415422
-3.311419
-3.207464
-2.669845
-3.543829
-3.202953
-3.553004
-3.490640
-3.003863
-4.225167
-2.776343
-3.250483
-3.730169
-3.586096
-3.882724
-3.420475
-2.914065
-0.765841
-2.645785
-3.239937
-3.527303
-2.525694
-2.966871
-3.486115
-3.442234
-3.519990
-2.972842
-3.419328
-2.551141
-2.425042
-2.381801
-3.062638
-3.600987
-4.094583
-3.355299
-3.538743
-4.037770
-2.477499
-1.216152
-2.064621
-2.626649
-3.541582
-3.518079
0.394334
-2.714841
-3.517406
-3.825437
-3.295618
-3.706207
-3.076483
-2.930825
-3.987564
-3.217185
-2.654946
-1.915139
0.954907
1.722905
-3.409377
-0.921642
2.969826
3.005819
5.963736
4.464506
1.721296
-1.898241
-1.323851
-1.644464
-3.873478
-1.222041
-2.433350
-5.705434
1.622391
-1.127146
0.530683
1.447441
0.779882
-0.189694
0.072744
0.797755
-0.992994
0.612267
-1.366846
-2.274520
0.758137
-1.046363
1.380625
-0.253385
-1.742855
-4.922339
-3.382352
-2.957759
-1.444917
-1.369029
-1.827511
0.164593
-4.689913
-1.844124
-0.455771
-0.644865
0.717289
2.455618
-1.528597
-0.828719
-0.678303
0.506173
4.305978
-2.603603
-1.669392
-2.268822
-2.917693
-4.404049
0.054531
-2.977657
4.739848
-2.474257
-4.702640
0.540754
-3.804771
-1.520584
-2.099684
0.411134
1.312278
-3.460029
-0.751949
-1.478078
1.702913
-3.983738
-2.598050
-0.456012
0.492885
0.235532
-1.991396
-1.105393
-0.011210
1.227233
-1.467165
-3.473347
-1.618900
-2.540885
0.829665
5.509856
-4.349846
4.015926
-1.503592
2.996101
-0.315069
-1.854147
3.323518
2.345678
-0.664188
4.907973
-2.344047
-5.216441
0.392570
1.804080
3.773266
-1.211808
3.271430
-2.026445
-1.048447
-1.273101
-0.491195
-0.427718
-3.549861
-0.628685
0.514573
3.135962
-1.225693
-2.948412
-3.556232
0.352865
-0.976602
0.773757
-1.871407
-3.283032
-3.425620
-3.279618
-3.275337
-3.636085
-2.046852
-0.969761
-3.161561
-1.658861
-4.692882
-2.620094
-3.933292
-1.877446
-2.446219
-1.511689
-2.627756
-0.974136
0.663641
3.277352
-2.413131
-1.859159
-4.529198
-2.788663
-4.290399
-0.657983
-1.261580
-0.872921
0.879763
0.946873
-2.103856
-2.108206
-2.280163
-1.445142
-1.335284
-0.080770
0.548634
-5.237431
-1.789120
2.551336
-4.904476
-1.601391
-1.254908
-0.321718
-2.072111
3.445952
-1.217480
-4.717693
0.438127
4.986805
-5.058309
-3.770196
-3.109206
-1.891311
-0.768010
-1.964740
-2.061977
-2.178497
-1.414639
-1.781747
-2.319036
7.918932
-1.973300
0.186184
3.342288
-3.252640
2.631440
-2.555496
-0.780719
-0.766438
-1.948687
-2.394073
-2.348964
-0.961003
-5.780696
-2.127239
-3.041881
0.019688
1.100214
1.136158
-2.539437
-1.799748
0.386853
-1.751338
-4.110767
-4.059044
-2.420973
-4.585658
-4.023431
-2.171176
-3.662101
-1.648268
-1.081465
-1.246723
-1.753722
-2.753907
-1.290174
-3.902775
0.465946
-6.425968
-1.241842
-2.803765
-2.858645
-1.187961
2.527230
-1.067309
1.712724
-2.620373
3.374076
-2.343915
0.348851
-2.823570
-5.337302
-6.357946
3.292382
-1.775216
-3.809422
4.179279
-0.296462
-4.083678
-1.558720
-1.096082
0.035788
-4.984920
-1.686216
-1.579735
-0.896633
-2.075207
1.170095
-1.242929
-2.096831
-3.558918
-2.583176
-3.379646
-0.194447
1.652079
-1.422078
-1.360052
-1.263428
-3.549106
2.034323
-2.302261
-1.092852
-0.594354
-4.138960
-4.594082
-4.002437
0.982392
5.870342
1.114366
-5.938923
-4.376318
-1.945087
1.147107
4.399803
0.728936
-2.302360
-2.035783
-0.807493
-4.774207
-3.357854
-3.971023
-1.824829
-4.668817
-1.082213
0.556176
-1.216777
-0.588001
-1.280737
-0.616928
-1.457953
-0.424559
-2.781927
-1.809274
-0.552237
1.894177
-1.469857
-4.081914
-3.079777
0.734160
4.983706
-0.584561
-0.599776
-1.698925
3.699989
1.243101
-4.465970
-0.832351
6.297746
3.525660
0.539419
-3.125297
-1.705334
1.450720
-1.426936
-3.067852
-1.613588
-2.369612
-4.077016
-3.786842
-2.234587
-4.153148
1.856268
5.347981
-1.734840
4.228141
-1.771345
1.228307
-2.066176
4.302214
-2.634398
-1.512927
1.808478
-1.584156
2.870374
-3.634839
-2.384892
-5.148299
-2.886324
-2.708951
-1.531910
-2.545583
2.116532
-4.615232
0.503022
-0.299992
-1.808315
0.244195
-2.665647
0.067180
-2.283425
-3.366724
-2.053818
-5.646013
0.084166
-3.863266
0.024461
-0.374446
-0.443806
-0.334702
-1.637641
-2.913318
-4.389297
2.718801
3.474917
-3.126151
-3.286918
-3.278483
-2.050711
-2.359634
-1.397477
0.752880
-2.783813
-1.471156
-3.230412
3.819510
2.332792
-3.926429
-1.605137
0.354875
-2.995443
-2.861619
-3.154542
-1.235459
0.944294
2.092622
-3.619950
-0.968800
1.023944
2.691544
0.747637
-3.430681
-2.491048
-5.239173
-5.106149
-0.021862
-0.493247
-3.385954
2.299066
-2.452789
-1.753007
-2.481567
-1.093814
-4.114190
-0.157709
-0.941846
0.377248
-3.849564
-3.026860
0.506713
-3.428540
-1.518868
-1.527983
-2.054746
-3.551662
-1.346858
2.555749
-2.277557
2.490654
-2.070505
-0.902980
0.627397
-0.508152
-2.696369
-2.699652
0.421202
-4.155063
-2.272274
-1.100744
-1.974525
-2.550654
-2.431997
1.857412
-0.489327
-2.051435
-0.702055
2.571056
-0.162005
-1.833548
-1.899165
-2.149447
-1.149296
-3.040992
-0.407929
-0.446806
-5.439185
-0.094351
-2.587662
-1.774556
-2.274124
0.943856
-2.012612
-1.421265
-4.345548
2.928292
0.187958
-0.249511
-2.969929
-2.407475
-1.038594
-1.578753
0.685990
-2.247560
-3.694789
-2.295459
-1.633029
-2.439934
-2.186658
-2.897774
0.104979
-1.659290
-0.044458
-0.732381
-3.727087
0.552412
-0.175842
-3.816992
-0.902699
-1.525509
-3.050795
0.855339
2.585746
-0.708287
-2.200174
-1.159349
3.166783
-1.380280
-1.981274
4.943179
-6.178769
-2.400347
-2.390778
-0.738559
-1.498082
-3.516093
-0.169164
1.244715
-3.333043
-1.615628
-1.894018
-6.389225
3.822631
-4.146633
-2.043057
-0.650970
-2.689067
-3.003275
-4.774597
-2.802038
-1.134286
-3.684762
-2.161097
-3.863314
2.390239
-2.234361
-0.482429
1.968549
3.510221
1.791964
-5.119117
1.226809
-3.263669
1.155536
-0.880944
-1.156655
-4.248644
-3.530629
-0.545559
-0.309671
-3.571359
-2.150114
-0.513326
-4.256792
-3.905251
-2.391662
-5.314611
1.935445
-0.059485
-2.500935
0.117016
3.177600
-2.694900
-3.308692
-0.956245
-2.668120
-0.734070
-2.663240
-0.159683
-0.827704
-0.921776
-2.527045
-1.244323
-2.170315
-4.857822
-1.863831
-2.182628
2.388113
4.182015
-2.471780
-3.972142
-1.132441
-1.218740
0.342508
-2.062122
2.078699
-3.359686
-0.603031
-2.120259
0.084684
-0.652466
-0.007427
-2.135225
-3.570595
-1.684966
-0.864311
-0.964379
-2.342711
-5.818261
-3.171749
-1.502223
-3.444180
-1.959651
-1.907570
0.078974
0.264956
-2.508721
-1.196711
-0.052292
-1.102368
-2.071990
2.128137
-1.478863
-4.482542
0.723412
0.805310
1.701446
-1.815788
-3.641743
-3.196198
-3.352324
-4.485265
-2.184721
-2.974978
-2.630236
0.463966
-1.276430
-0.963625
-0.614369
4.423165
-4.405375
0.528714
-1.078770
-0.695402
-1.504180
-1.855299
-1.764127
-3.327007
1.465148
1.356307
-5.462944
-3.275542
-1.241154
-0.091736
-3.628585
-2.868239
-2.521591
-1.905487
-4.711530
-0.510649
-0.537410
-0.035899
-2.278373
-1.976305
-3.085890
-3.096591
-5.250701
-2.048049
-5.499164
-5.344298
-2.682216
0.427397
-0.078523
-0.501931
-1.444932
-2.495716
-2.656238
-5.014469
4.034861
1.133142
0.456904
-3.498137
-1.659649
-4.082239
0.421199
-1.593861
-5.081673
1.462253
0.060658
1.676453
1.428592
-0.789443
0.589719
-3.163114
-0.386372
-2.640178
-1.626655
-3.096444
-3.024382
-4.736404
-2.895097
-4.065681
-1.008554
-0.871135
-1.558208
-4.851293
-2.609370
1.133866
-5.221083
-2.696208
-0.656811
-3.035288
-2.219152
-1.258269
-2.727045
-3.339288
-1.073392
-2.984363
1.795502
-1.321592
-4.003675
-1.161349
-1.308562
2.017585
-2.850906
-1.469677
-2.303797
-3.853480
-2.928272
-1.392771
-0.084358
1.401912
-3.588818
-2.740796
-1.781609
-4.692188
-4.378658
0.669535
-1.258866
-0.252709
0.122757
-3.706290
-4.308757
-3.132120
-3.278619
-1.021966
-2.558987
0.243502
5.007146
-4.150330
-2.464722
-2.691988
-0.625638
0.117533
0.214637
-4.339745
-0.311172
0.124865
3.644448
-0.133574
-2.586566
-3.097435
-4.549771
-2.071661
-3.645069
0.316289
0.664082
-2.233693
-1.693722
-2.388796
-1.702032
-1.422143
-1.913603
1.506645
-2.243890
-5.112504
-2.369009
-5.186524
-1.288006
-5.869471
6.225727
-3.970083
-0.561427
-2.663702
-1.058046
-2.532855
1.049256
-1.666183
-0.574638
-2.092318
-2.729382
-0.244734
-1.513656
-3.226358
-1.641799
-1.617185
-3.075470
-1.141236
-3.432588
-5.070035
-0.743355
-1.333889
-1.399558
-2.522052
-0.878089
1.146834
0.129571
-3.463238
-5.367581
-3.290129
-0.222453
-4.009335
-4.806372
-2.347820
-2.697939
-4.047019
0.287034
-1.412023
-0.648417
-3.349480
-4.337310
0.325131
-1.944665
0.384116
-2.657956
-3.310543
-2.731343
4.384429
1.567617
-2.923882
-0.886122
-0.032848
-2.326918
-1.034220
-2.946631
-4.946074
-2.562811
1.621617
-0.330198
-4.484506
-3.149593
-2.562034
-2.870893
-3.859084
-2.982816
3.681923
-2.452853
-2.061538
-2.270619
1.190989
-0.840126
-1.001537
-1.807098
-3.375856
-3.598604
-0.278061
-0.842323
-1.078917
-1.616809
-2.328733
-4.134566
-0.253474
-5.591109
-0.520648
0.383746
0.153894
-4.768702
-4.095714
-3.391378
0.848603
-0.988852
-0.732655
1.516667
-4.390543
-3.136750
-2.909067
-3.585117
-3.558832
-1.865083
-1.013934
-0.167679
1.381539
1.314965
-1.728543
-2.679221
-1.288027
-1.173653
3.148191
-1.434372
0.427837
2.643476
-0.421816
-2.962836
-2.966281
-0.494733
-0.637985
-1.934942
4.415464
-1.680717
-1.280983
-0.811784
-1.018912
-0.903526
-2.573713
-1.120814
-5.051938
-1.228629
0.242678
-2.619008
-2.359674
-2.213858
-1.170053
-3.636690
-2.167483
-0.721043
1.728576
-0.209680
-2.668907
-3.112074
-3.943630
-3.223474
0.555544
0.721715
-3.027251
-1.528853
0.478442
-1.509906
-4.841883
-0.592868
2.722064
-3.879616
-4.649620
0.232256
-3.179918
-0.838756
-2.497558
-0.249389
0.345581
-5.104448
-4.538201
-4.148072
-2.978759
-1.620195
-1.930318
0.263590
-3.066133
-4.608876
-0.682058
-1.830225
-1.337261
-0.954101
-0.240734
2.074264
-1.247079
-1.295986
-2.047543
-0.388065
-4.970318
0.943630
-3.721898
-3.550154
-1.666988
-2.555929
-3.656102
-4.116079
-1.625525
-0.785954
2.698123
-1.536405
-0.240492
-0.536818
-2.547646
-1.207977
-3.939425
-2.743675
-5.467452
-4.388991
-2.927883
-5.394175
-0.576267
-5.226853
0.118135
-3.379743
-0.256039
-3.718833
-0.536492
-2.332580
-1.280148
-2.181018
0.004489
-3.949888
2.851561
-1.572983
-2.185024
-1.790904
-0.793300
-1.469374
-0.987749
-0.516481
-0.585699
-5.561483
-3.842868
-1.380038
-1.688436
0.622354
-1.534366
-2.029635
-3.365509
0.128900
-1.287550
-0.863241
-4.130093
-2.768099
-2.059926
-2.975340
-0.449055
-1.082149
-2.746205
-0.784479
-3.280610
-3.038107
-3.807896
4.166614
-3.220608
-1.037999
-1.178463
-0.147350
-1.298672
-2.894907
-3.665743
-1.351597
-3.801200
-3.051158
-2.934481
-2.082727
-6.140511
-1.821788
-2.399056
-1.921315
1.132349
-2.257378
1.398743
-1.910503
-0.953979
-1.845114
-2.548278
-3.087687
-3.271055
-6.428650
-1.279652
-3.755552
-2.605805
-0.329691
-3.500439
-0.920528
-0.404620
0.490644
-4.204707
-1.830728
-2.875176
-2.526795
-3.953228
4.580250
-3.251300
-2.043631
-0.683941
-1.081523
-0.527032
-3.311474
-4.620779
-1.235729
-1.954079
-1.812113
0.949763
-4.195984
-7.975951
0.134036
-0.169253
1.040419
-2.856779
-2.474118
0.894532
-3.460840
-7.882160
-1.800491
0.214305
-2.705997
2.988325
-3.873518
-2.420486
-2.282895
-2.290866
-3.341255
-3.200371
-2.923665
-3.777179
-2.201726
1.024910
0.715726
2.087792
0.092152
-2.109565
-2.410659
-3.310478
-0.845811
0.379705
-2.950733
0.948633
-0.431825
0.247412
-1.273183
-1.980209
0.198086
-3.281120
-2.741528
-4.814070
-2.047421
-0.305260
1.439446
-3.859281
-1.684597
-0.274044
-1.369852
-1.562379
-1.936945
-2.725865
-1.118634
0.646500
-1.590560
1.273253
-0.815012
-3.103454
0.279086
-5.443462
-0.710652
-3.468271
-2.678297
-1.456351
-1.086737
-3.023879
0.863836
-1.107777
-0.617730
-2.652733
1.865840
-5.976402
1.118193
-1.417742
-1.119879
-0.870011
-1.403005
-2.564422
-4.218349
-3.047803
1.374332
-0.217461
-6.712700
3.356884
-3.542181
-4.649848
1.011614
-3.275870
-5.436140
-2.091573
-4.131063
-2.888329
-2.165870
1.518893
-3.171914
-3.916867
-1.114907
-2.914051
-2.119966
-1.541307
-0.109783
-0.246115
-1.153757
-0.749066
-5.878389
-0.246302
-0.124247
2.844517
-0.459035
-4.566555
-3.414796
-1.381774
1.471007
-1.732451
-4.251403
-4.542430
-3.999771
2.192709
-0.690083
-3.236423
4.852326
-0.519329
-3.526305
-4.136286
-3.399490
-2.115828
-1.904737
-4.840915
-2.496038
0.514614
-0.314457
-3.863277
-2.512371
-0.670769
-4.460529
4.976386
-1.788629
-4.123909
-2.020376
-3.823117
-5.347214
-2.049309
-3.120767
0.670528
-2.466562
-1.075570
-5.388523
0.382204
-1.518909
-1.961419
2.151447
-1.121333
-0.793635
-0.596479
-0.224344
-5.300917
-4.622618
0.707914
-3.772912
-1.983113
-3.458693
-2.632194
-4.750539
0.806333
-2.266146
-2.740682
-3.673820
-1.382978
-1.430835
-4.272521
-1.993191
-1.361456
-3.375849
1.765933
0.358685
0.464834
-2.967425
-3.458777
-1.876294
0.277851
-3.967261
-1.006245
-0.396087
-3.148812
-2.493873
-4.453714
0.256218
-3.178256
-3.811290
-1.500816
-4.773657
-0.498358
-3.375619
-1.242411
-2.634269
-0.805413
-0.076737
0.835082
-2.579140
-2.621120
-7.710261
-3.127957
-4.641894
-2.119050
-2.226429
-3.139485
-3.846327
-1.588762
0.083412
1.445783
0.406520
-1.885288
1.094143
-4.078168
-1.335597
-3.628815
-5.507239
-0.451306
-5.165869
-1.709341
-3.083050
-2.753428
-2.436578
-1.737043
0.344669
-1.217442
-0.885127
-0.066236
0.183302
1.307931
-4.920385
-1.310024
-2.743242
0.053066
-2.087605
-2.678329
-1.003993
-1.621981
-4.524264
-0.035656
1.968713
-1.203519
-4.908561
5.467556
-5.542633
-3.359938
-2.234430
-0.628850
-2.265522
0.071337
-1.870025
-1.938029
-2.801583
-3.021819
-3.426670
-0.124238
-4.237118
-1.664598
-2.845012
-0.750176
-1.954259
-1.033173
-5.776829
-0.710531
1.441014
-0.587065
0.174254
-3.582371
-3.547007
-2.527932
-4.025455
-3.366483
-4.369215
-1.304664
-1.503701
-5.141374
0.286717
0.422336
1.432727
-2.689900
3.020173
-1.093744
-1.202158
-0.977980
-2.244414
-0.044597
-5.520931
-1.433433
-1.457523
-1.175624
-1.015983
-3.482942
-1.438201
-5.892549
0.866032
-3.501105
-2.569498
-0.024683
-2.195722
0.178439
-3.695213
-3.451828
-2.954207
-1.984438
-1.120945
-1.412916
-2.179196
-5.344754
-4.666053
-5.215591
-3.464562
1.356365
-1.819271
-2.116265
-1.263824
-1.920130
-3.849680
-1.904901
-1.668922
1.917750
-4.029770
0.257719
-0.867188
-3.139282
-2.551060
-3.394633
-1.998384
-1.235588
-2.187994
-3.869960
-5.501594
-4.067416
-3.003181
-2.543461
-0.109421
-3.080068
0.637319
-4.984931
-2.622000
-0.333003
-3.277510
-2.968343
0.407870
-5.956939
-2.938124
-2.053776
-6.090201
-2.469896
0.653784
-1.125159
-0.333457
0.113295
-1.836981
-0.707383
-1.427608
-0.912753
-4.752719
-1.356799
-0.374842
0.131424
-2.013433
-1.626915
0.581783
-2.558050
-3.499748
0.714872
4.848159
-3.011188
-3.448036
-1.777186
1.560384
1.214863
-4.420825
-1.768018
0.189182
-0.036142
-2.139292
-5.952669
-1.290102
-1.528147
0.647187
-0.764970
-2.384242
-3.075173
-2.053190
-3.201104
0.989268
0.306558
-2.481070
-1.372690
-0.179758
-6.688111
-1.279240
-3.007914
-1.188343
-3.159584
-1.717006
-1.075248
-5.409941
-1.201624
-2.632049
-2.075980
1.996445
-4.035427
2.512419
-0.313805
-3.804198
-2.425217
-3.912466
-2.820530
-1.604010
-1.792401
1.898959
-4.220917
0.206351
-1.492850
-0.499214
-3.984419
0.558237
-1.772651
-3.265976
-0.814734
-2.156151
3.682102
-2.413585
-2.516338
2.612149
-2.073734
-1.078319
-2.634031
-4.032209
-4.773293
-0.726068
-1.980594
3.399737
-4.770889
-3.432075
-1.930201
-1.986619
0.697694
-1.866294
-0.203239
-1.941481
-1.970695
-2.721786
-3.922981
-2.636539
-2.740654
-3.927408
-4.145205
-1.712966
-0.898540
-4.680666
0.146076
-1.256842
-4.771690
-2.793488
-0.637052
-1.165503
-1.208567
-1.090225
-1.710472
-4.438308
-1.715373
-3.212477
-1.219490
-0.654048
-1.273908
-0.604786
-2.219291
-2.597679
-1.379957
-3.264575
-1.000897
-2.465024
-4.691785
-1.704430
-3.147338
-2.699432
0.944288
-0.305420
-1.182390
-3.004610
1.744695
-3.398227
-0.294725
-2.690629
-2.562340
-4.516582
-1.531814
-3.233074
-2.234979
0.458407
-2.353811
-4.183334
-0.665518
-1.174173
-1.645802
-1.560915
-0.793464
-0.955182
-2.807640
-0.149081
-4.002252
-2.582839
-5.432611
1.938937
-1.074376
-2.571197
-5.568654
-1.224674
-2.366163
-2.678292
-2.072439
-2.954364
-0.055870
-1.171052
-0.691229
-2.503902
-2.297175
-4.045511
-1.181379
-1.604683
-2.491007
-1.337897
-1.503859
-1.782589
-0.040997
-3.329903
-1.992194
-2.621866
-3.279128
-0.809110
-0.653585
-3.624665
-1.178029
-1.905735
-7.966533
1.636349
-2.545674
-3.705935
-3.180602
1.507494
-2.448765
-0.975446
-4.193175
3.315133
-1.469171
-0.557315
-1.580547
-4.338826
-2.838710
-0.571524
-3.449685
-3.746017
-0.011698
-1.495888
-1.056960
1.889355
-4.598855
-1.683562
-2.774038
-2.447959
-2.238561
-3.730557
0.313950
3.499998
-0.344425
-2.389462
-5.663916
-4.521489
-0.710763
-3.753253
-2.779545
-2.269851
-3.214946
-0.774647
-2.142029
0.774541
-1.782205
2.640203
-0.238484
-3.567703
1.215920
-0.894822
-2.687658
-1.534252
-0.884890
-3.327230
-1.714375
-4.274963
-1.285786
-1.267081
1.883271
-5.054331
0.889744
-1.751351
-0.689348
-0.952205
-2.524504
-1.296977
-3.653670
-2.353159
-0.718582
-2.457157
-1.914714
-2.492987
-0.502986
-3.056027
-2.202546
1.663869
-3.639585
-0.754856
0.020370
-0.735821
-2.247448
-1.727795
-0.573023
-1.740399
-4.088361
-3.569595
0.802906
-4.905448
0.499880
0.201455
-1.215019
-1.905190
-5.555072
-2.474928
-0.278418
-2.417517
1.850842
-3.601311
-3.208330
-2.059435
-1.260471
-3.701576
-3.682022
0.491671
-2.075096
-0.630436
-2.838495
0.299608
-2.826645
-2.133630
0.728400
0.073772
-3.789732
0.572839
1.926463
-3.512179
-4.496709
-0.429946
-0.741657
-2.130015
-3.440106
-0.631877
-2.545958
2.153878
-2.313565
-1.015427
-2.075072
-5.303968
3.580693
-2.518309
-2.820862
-0.127257
-2.046583
-1.880673
-1.427255
-2.367923
-2.042021
-1.552986
-0.323647
-3.133365
-0.851508
-0.089630
-2.943672
-1.211922
-1.013822
1.555977
-1.482738
-1.573436
-3.505611
-0.294432
-3.913803
-2.242210
-4.516980
-3.684028
-3.372198
-1.005028
-0.751911
-2.640725
-6.514542
-1.837798
-3.306214
-2.936116
-3.282107
-2.784701
1.163022
0.023322
1.182260
-0.044333
-3.231339
-0.235924
-5.095602
-6.281861
-0.176185
-0.866668
-2.961171
-0.969853
-2.572779
-3.484350
-4.065981
-0.924599
-3.881053
-2.578448
-3.099052
-3.086127
-2.714456
-3.579928
-1.921381
-0.163372
-5.691463
-2.687160
-2.312836
-3.379202
-3.530554
-3.560804
-1.254285
-4.497972
4.095586
0.798199
-0.800687
-4.264529
-2.953503
-2.276757
-0.892386
-0.118946
-0.409527
-2.088249
-4.151611
2.352175
-3.295972
-1.118968
-1.632956
-4.085617
-2.333549
-2.478216
-2.179004
-0.356535
-3.167857
-1.226223
-3.054277
-2.509137
-4.142169
-3.033021
-4.606145
-2.416551
-1.665695
-2.142606
-3.324998
0.131618
-6.175744
1.673069
-0.533183
0.788245
-1.224061
-1.063104
-0.634026
-1.638842
-1.396075
-6.247225
-2.021900
-0.305175
-3.050357
-4.045290
-0.502643
-2.057383
-2.146670
-1.986855
-2.592054
-1.322865
-2.443242
-0.690696
-3.065376
-2.715192
-1.679198
-1.526666
-1.731702
-2.452824
-0.878935
-0.813587
-1.568127
-1.538575
-1.549690
-3.062355
0.555989
-2.940558
-4.965388
-0.027949
1.036774
-3.718240
2.552830
-1.191866
0.703568
-1.803035
-2.259126
4.343332
-1.747901
-0.947189
-3.923202
-3.258096
-3.327190
-1.886277
-1.103805
-3.565859
-3.717779
-1.195735
-4.822190
-0.898586
-2.901250
2.548203
-2.830589
-1.418359
-3.985890
-0.838384
0.907820
-1.695939
0.625170
-1.566013
-1.892701
-0.525523
-1.698102
-3.608327
3.845747
-1.802632
-1.876145
-1.059963
-3.138094
-2.974680
-3.585816
-0.801127
-2.925673
2.549230
-0.056626
-2.315431
-1.942973
-4.348731
-0.472902
-0.026998
-1.908678
-0.160875
-3.961216
0.988233
-1.240912
-2.318419
-2.721962
-2.631372
0.300189
-2.318768
-0.525502
-3.274693
-2.130964
-5.475005
-4.594537
-4.033142
-0.826209
-5.198070
-0.547807
-3.233987
-3.806128
-3.594985
-1.680430
-3.038196
-1.607277
-3.416456
-0.629160
-2.476319
-0.063329
-0.612547
-1.621696
-3.976258
-3.383437
-1.214099
-3.083001
-3.061894
-2.477222
0.653157
-1.148718
2.873099
-5.061653
-2.628421
-2.626811
-2.903972
-4.063960
-3.461736
-1.215226
-4.205740
-2.807108
-6.592482
-1.691722
-3.038329
-0.579923
1.859513
-1.222111
-0.477199
-3.397297
-0.564601
-3.301083
-1.968063
-2.917503
-2.845270
-4.711454
-2.854376
-3.178382
-0.298862
0.843016
-2.193188
-3.114283
-0.244196
-2.675545
-0.075134
-3.447798
-1.038217
-4.278221
-1.967376
-0.617131
-4.417706
-0.196906
-2.341889
-2.306886
-2.127136
-0.803302
-1.705262
0.060673
-3.426329
-3.636406
-4.574073
-1.081771
-2.947783
-3.517267
-0.714402
-4.864544
-1.852771
0.665557
0.170855
-3.830724
-2.780235
-1.407272
-1.711161
1.937979
0.049084
-3.059028
-4.806828
-2.415387
-4.059740
-0.730440
-2.074627
-0.993017
-4.312233
-4.303956
1.516210
-1.541026
-1.087323
-3.711059
-0.749632
-3.427337
-3.520154
-4.788217
-3.067888
-2.991030
-2.567155
-1.001621
-0.630261
0.297517
-2.222598
-2.855301
-2.281049
-4.533286
-1.270678
-2.455107
-1.492311
-2.556032
-3.026649
-2.040768
-3.178585
-1.797217
-1.254759
-0.318019
-1.821242
-1.191735
-0.986638
-0.692706
-3.772041
-3.331924
-1.057943
-0.179982
-2.015791
-2.508839
-1.589892
-1.081506
-5.004224
-3.265573
-2.260863
-3.180099
-3.728442
-0.691718
-2.862761
-2.176171
0.087621
-3.123834
-3.779467
-1.551448
3.049340
-1.217943
-2.642918
-3.228833
-3.711468
-2.927994
-0.765603
-4.193861
-6.064882
-0.800803
-2.903410
-2.212064
-2.119032
-2.173975
-4.804235
-2.342358
-1.173836
-3.492936
-5.843064
-3.845455
-4.137695
-3.029993
2.873524
-0.124274
2.273925
-4.910608
-4.237973
-4.538736
-4.645176
-0.101995
-2.434332
-0.608801
-1.514974
-0.321097
0.325211
-0.791743
-3.268685
-1.671129
-3.262183
-5.715641
-0.367594
-1.936777
-0.538462
-2.841717
-3.775291
-3.836552
-0.912944
-2.762501
-1.891709
-0.678671
-3.117875
2.577072
-1.974394
-4.534054
-2.972954
-2.874286
-1.650846
-1.530523
-1.214408
-2.956434
-0.368537
-3.132961
-1.571355
-2.901234
-1.239003
-3.155762
-2.660965
-0.942343
-1.804482
-2.314332
-1.673239
-4.067919
0.570373
-1.349157
-1.183884
-1.247513
-0.447957
-2.714800
-1.743801
-1.716798
-1.560786
-0.167141
-2.781171
-2.616894
-2.741859
2.088849
-2.836019
-1.897261
-1.190786
-2.645032
-5.150549
-1.441591
-3.686990
-2.846836
-1.594929
-3.114967
-2.579133
-2.873089
-2.380350
-1.473088
-0.389640
-1.828707
-2.946886
-3.415290
-4.494213
2.696575
-0.648983
-2.385968
-3.801777
-6.537208
-1.260371
-1.887251
-0.903692
-3.134732
-5.222013
-4.254131
-1.369564
-0.191738
-5.174907
-2.120464
-1.907175
-3.475599
-2.585502
-1.818665
-2.125864
-3.536048
-0.107176
-0.380116
-3.136537
-3.587966
-2.827647
-0.076343
-5.801137
-2.845723
-1.813079
-2.578132
-2.611142
-0.339570
-2.063794
-4.273576
-1.745451
-0.672839
-3.733961
-0.392982
-2.962891
1.198813
-3.492085
-3.449601
-3.921949
-1.993728
-2.603926
-3.670246
-1.627260
-0.962211
0.386916
-1.386551
-1.074431
-3.883587
-1.933809
-1.101924
-3.427191
-3.514876
-0.572960
-2.799874
-2.703064
-2.878868
-1.964825
-1.261667
-2.919745
1.342933
-3.557793
-2.758605
-2.337250
-3.713349
-1.966180
-5.513953
-0.226238
-2.131221
0.069764
-5.001337
-0.906705
-3.396799
-0.917823
-2.453402
-2.517088
1.111238
-2.927963
0.997916
-4.217694
-2.090808
-1.327557
-0.597310
-2.353132
1.215881
-3.124879
-3.256355
-4.043743
-4.790229
0.059425
-0.688776
-0.944217
-1.259650
-3.506331
-2.402725
-1.002859
-0.383932
-0.810316
-4.166192
-0.366886
0.092546
-4.154738
-0.952342
0.950256
-2.089494
0.024288
-1.585302
-3.450136
-5.085361
-2.397649
-2.946828
-0.785768
1.723319
-2.311478
-2.117218
1.268274
-1.631008
-3.223181
-4.223593
-5.465948
-3.589617
-2.838599
-0.678827
-0.884597
-2.727093
-2.072448
-1.310938
-2.894070
-2.992977
-2.042450
-0.872778
-2.142373
-3.140606
-1.670650
-0.389647
-3.847890
-4.110801
-0.643342
-1.399599
-0.220059
-3.585343
-6.017876
-2.283704
-1.989929
0.852013
-0.902653
-4.608741
-1.151887
-2.927546
-3.568296
-0.574455
-2.378244
-3.038316
-2.428292
-3.332151
-3.618765
-2.917913
-3.797359
-2.863456
-4.186489
-2.579565
-3.814258
0.053232
-2.883324
-2.745408
-1.334849
-1.019628
-1.867931
-0.521176
0.009384
-0.859759
-4.845005
-2.467220
-2.392876
-1.439544
-1.971044
-1.901743
-3.480999
-3.955728
-4.117640
-6.059263
-3.101751
-1.517573
-3.551333
-1.966084
-4.301878
0.351538
-0.137586
-1.654784
-2.937663
-1.902051
-6.394238
-3.239964
-1.413955
-2.061436
-2.378987
-2.165387
-0.456536
-0.588970
-1.502575
-2.829186
-2.552765
-4.131964
-1.768702
-7.442043
0.438456
-2.120589
-1.441946
0.379508
-3.778995
-2.405969
-2.484448
-3.179353
0.221189
-2.706232
-0.743503
-3.831802
-4.397366
-3.907159
-1.248665
-0.320860
-0.642541
-0.432364
-4.874644
-4.483932
-4.183887
-2.035108
-0.737482
-3.118829
-1.300676
-2.990198
-2.938787
-3.124844
-2.108774
-0.180887
-4.529164
-2.248340
-3.724611
-3.100574
-3.123158
-2.457475
-3.150679
-3.184870
-1.319912
-3.579715
-3.395294
0.762738
-3.259136
-2.810683
-1.238423
-3.273034
-1.883096
-2.279477
0.119016
-1.447428
-4.093542
-2.944212
-2.284521
1.143864
-5.705678
-1.863347
-1.934394
-2.640032
-3.209125
0.698850
-0.748709
-0.029567
-1.408498
-3.100220
-1.024360
-0.987203
-2.868087
-3.875774
-1.481317
-1.726967
-3.588847
-4.689212
0.341650
-4.317934
-2.393342
-5.135808
-0.750542
-1.064857
-4.196252
0.057298
-1.182305
-1.320884
1.653370
-6.460087
-3.166512
-0.696245
-6.229267
-2.833881
-3.109377
-0.614597
-3.644487
0.311963
-0.888048
-2.669040
-5.706712
-2.098462
-2.220472
-3.065413
-4.389620
-0.978941
-3.213784
-3.643734
-4.697290
-3.828729
-2.394189
-0.085377
-2.263590
-1.421142
-2.876202
0.802273
-1.502255
-4.864666
-1.051318
-0.627734
-4.369093
-1.362801
-1.718087
-1.960132
-0.887214
-1.622737
-0.531770
-1.011234
-0.845672
-3.535344
-1.209483
-0.218529
-2.775867
-3.025438
-4.407083
-4.987411
-0.157637
-1.349063
-1.857371
-6.408025
-0.738207
-3.979414
-3.559518
-2.922961
-1.818258
-1.820794
-1.373939
-3.982632
-4.876099
-4.182064
-0.710595
-2.888177
-1.276073
-1.779522
-3.222436
-5.286201
-3.597878
-2.342682
-1.746512
-0.329887
-1.693818
-3.345077
-2.651336
-1.643338
-2.532356
-0.294764
-4.125961
0.699425
-1.053475
-0.498323
-1.342765
-6.222976
-3.768764
-2.615443
-2.181080
-3.913356
-3.270037
-2.286982
-2.412199
-2.708958
-2.939340
-3.387340
-4.201844
-1.585722
-4.012414
-1.066296
-0.676547
-4.820591
0.757715
-1.469601
-2.438018
-3.144279
-0.625106
-2.306504
-5.060639
-6.181345
-2.145186
1.933331
-2.459626
-3.767193
-3.571725
-1.092762
-1.030602
-2.174468
-1.257044
-1.544993
-3.008511
-0.007819
-3.250235
-0.945682
-2.907757
-3.036407
0.079083
-0.108534
-4.002725
-3.748206
-3.082406
-1.310923
-3.470481
-3.328785
-3.011958
-4.367317
-2.583191
-4.806602
-5.506493
-3.931537
-1.107844
-3.466048
-1.110660
-0.570787
-3.085841
0.710459
0.331169
-2.442209
-4.075332
-1.050927
-0.605130
-2.654027
-2.227440
-3.686376
-1.281264
-4.529891
-1.805455
-4.015104
-3.814937
0.672867
-3.741158
-2.139730
-2.659562
-1.231765
0.395822
-2.769191
-2.585333
-2.412067
-3.579312
-1.016061
-1.080886
-1.837893
-2.711568
-3.336947
-2.212654
-3.787247
-4.720362
-6.268538
-0.957132
-2.953338
-2.427118
0.444123
-2.468864
-2.487370
-1.980866
-3.407350
-2.641483
-5.056806
-5.315044
-1.096468
-3.372552
0.051728
-1.611772
-0.961305
-1.952362
-1.412951
-3.286129
-1.560786
-1.595498
-0.262034
-2.159283
-3.367208
-0.855741
-1.588727
-1.236241
-1.500585
-3.769192
-3.145367
-1.193444
0.332483
-4.300803
-1.739730
0.498044
-3.921574
-1.784704
-0.861142
-0.950273
-0.304822
-2.861562
-3.342420
-2.821194
-2.553403
0.356163
-0.876514
-2.367226
-1.598167
-2.826066
-3.933718
-3.533581
-3.806095
-0.280592
-2.923414
-0.792955
-3.341445
-3.086042
-3.395365
-2.120337
2.246938
-4.139724
-3.885050
-4.083950
-1.262911
-2.478012
-1.406377
-3.894080
-0.577181
-0.345128
-3.477304
-3.026865
-3.189617
-0.422967
-1.581243
-4.182468
-1.818912
0.288593
-3.259181
-3.049028
-2.187407
-3.803424
0.324627
-2.947872
-1.401122
-4.503031
-1.865514
-1.842967
-1.666748
-3.346654
-2.608097
-3.040554
-1.126381
-2.938838
-4.888118
-0.448932
-2.162678
-5.674664
-2.085888
-1.022507
-0.195715
-4.751935
2.707894
-2.749720
-3.982579
-2.582895
-2.947929
-2.980932
-4.953169
-3.151618
-0.113342
-0.133436
-0.586862
-3.332273
-3.017762
-0.691939
-0.234286
-2.133462
3.604739
-2.598905
-0.806589
0.116800
-5.251128
-2.299409
-3.448868
-6.368215
1.497384
-3.395419
-0.687942
-2.413469
0.844240
-2.933712
0.374076
-2.116044
-1.324691
-3.987635
-2.692633
0.154025
-4.174421
-2.718210
-3.638067
-3.138096
-1.630150
-3.844362
-3.374633
-3.155895
-3.875503
-1.678986
2.429298
2.689261
-2.692400
-1.410253
-3.930432
-1.838980
-1.022290
-3.552928
0.984887
-3.678032
-2.836786
0.254435
-0.352586
-3.570154
-0.229696
0.769186
-2.795882
-2.732976
-2.374747
-2.456151
3.309614
-1.268221
-0.939457
-3.268844
-4.309869
-2.822432
-0.724122
-1.696948
-4.850124
-2.695293
-1.592774
-0.836559
-0.855336
-5.302065
-1.263607
-1.488789
-3.126738
-4.486553
-3.639864
-1.699360
-4.003200
-3.874761
-2.332252
-1.207350
-2.689794
-3.291948
-0.162850
-3.002724
0.481474
-1.175538
-1.765574
-1.145191
-4.068707
-1.328705
-1.712487
0.599495
-3.697913
-1.191862
-3.023554
2.228340
-3.478489
-2.143088
-2.804032
-3.643728
-1.519604
-3.294653
-1.985675
0.013014
-4.554030
-2.312053
-3.963136
-0.021517
-0.626314
-3.412720
-2.189394
-3.428780
-4.190549
-0.818492
-0.815509
-4.226810
-3.818353
-3.326058
0.233769
-4.243789
-3.570493
0.083199
-1.138867
-1.079019
1.284055
-1.114169
-2.269740
-2.401484
-2.558542
-3.591643
1.812835
-4.468357
-2.958812
-3.605383
-3.301192
-3.163796
-2.281754
-5.696483
-2.287506
-4.669113
-2.632721
-6.693215
-2.375156
-3.660834
-2.965309
-1.789945
-4.181267
-3.903431
-2.600677
-1.100996
-5.496964
-0.493192
-3.565850
-0.707966
-2.923911
-4.774651
-0.806294
-2.728493
-1.680296
-2.146314
-2.981147
-1.295849
-4.143975
-1.997616
-0.159746
-3.546770
-3.504168
-0.711317
-2.264439
-0.599778
-4.087102
-0.272006
-3.496643
-3.919413
-1.890786
-3.097127
-2.414707
-3.854832
-1.955568
-1.863649
-5.075190
-3.805620
-0.817927
-0.499296
-2.800011
-1.230974
-4.376946
-2.608151
-3.300109
-3.298472
-3.245936
-3.697548
-0.643111
-1.790373
-5.676512
-0.117173
0.301122
0.025539
-1.462026
1.057062
-2.548394
-2.896162
-3.124581
-0.500158
-0.986458
-1.809103
-3.978306
-2.379354
-5.519586
-1.008009
-1.655178
-5.548206
-2.066350
-2.003675
-5.090881
-2.776391
-1.047651
-3.348944
-1.779937
-2.587827
-3.719766
-4.176597
-2.821504
-0.479277
-3.702661
-0.247955
-2.669977
-1.367805
-0.214738
-3.265589
-3.071434
-0.206574
4.152040
-2.769981
-5.060214
-1.354966
-2.843799
-3.167974
-1.045416
-4.145319
-3.320966
0.268457
-5.245017
-2.088075
-0.323182
-4.125004
-2.496724
-2.551214
-1.488837
-4.232905
-3.446710
-1.806040
-1.861701
-1.991476
-0.559533
-1.974384
-0.354708
-1.570865
-4.476093
-3.354403
2.709389
-0.937475
-2.807945
-1.915265
-1.295240
-4.479015
-3.127941
-1.710172
-1.392562
-3.414234
-6.262116
-2.166813
-4.552066
-0.353674
-2.801758
-4.823544
1.028956
-3.132836
-3.676229
-3.981158
-1.819651
-2.804990
0.072260
-3.375147
-2.104280
1.542760
-0.868534
-4.957574
-2.992481
-2.410876
-3.385534
-1.773072
-3.378547
-2.546007
-3.407151
-3.735554
-0.284889
-3.102427
-2.246925
0.448883
0.044377
-0.398225
-4.813346
-1.857206
-5.425118
1.607894
-3.188517
-4.547935
-4.257424
-1.043251
-2.660487
-3.110233
-4.838069
-1.457861
-2.705220
-0.690781
-1.552461
-3.701555
-2.494388
3.312374
-2.311526
-4.756114
0.458922
-0.375762
-5.902744
-1.889783
0.165438
-0.880157
-3.049893
-3.456065
1.157300
-3.979685
-3.813387
-0.019527
-2.139138
-3.726533
-2.925263
-1.567567
-1.668991
-0.952181
-2.482636
-2.427497
-4.189907
-4.057801
-2.068910
-1.836380
-5.181040
-3.374803
-5.285762
-2.981530
-1.763096
-1.728489
-1.915771
-3.668447
-4.431319
-0.406151
-0.837402
-2.615915
-5.362995
-3.164134
-2.627891
-1.243885
-1.853545
-3.310633
-2.110948
-2.875616
-1.919161
-6.168965
-4.145144
3.499961
-1.697396
-2.628858
-1.699366
-4.212755
-3.731165
-2.079353
-1.310463
-2.506172
-3.147290
-1.151548
-3.002444
-3.281494
-2.802900
-3.522106
-1.298505
-0.844845
-4.941267
-3.123973
-4.161568
-1.469830
-2.195260
-2.601070
-0.128780
-1.836272
0.354616
0.789198
-2.299948
-4.174573
-1.685882
-0.764087
-4.912963
-3.612145
-4.082816
-0.404900
-0.734532
-3.422287
-1.771015
-4.174102
-3.366040
-1.432350
-4.047657
-3.314563
-2.251227
-7.374736
-2.533484
-2.121175
0.155855
-1.888811
-4.385468
0.084398
-2.832150
-2.664712
-3.986424
-1.894269
-5.829255
-3.482549
-1.809932
-2.027695
2.797807
-2.272834
0.397671
-1.451657
-1.195204
-2.347334
-3.405214
-3.289623
-1.864044
0.537613
-2.437344
-4.486094
-2.093338
-2.140645
-2.533231
-1.538293
-1.296651
-3.482091
-2.278367
-4.350942
-2.874907
-3.330494
-6.441297
-2.159954
-2.673990
-3.749229
-2.979540
-2.275852
-3.996630
-3.527640
-5.265558
0.133261
-1.570867
-2.490118
-3.620507
-2.564760
-4.050517
-0.578777
-0.423190
-0.995131
-4.068697
-0.679633
-4.508216
2.508130
-3.564003
-1.176774
-0.970069
-4.882008
0.730644
-5.157735
-0.815992
-2.391517
-2.088655
-2.614822
-2.127719
-2.018587
-2.579066
-2.566051
-4.664494
0.524367
-2.570535
-2.151249
-3.798591
0.504312
-2.497954
-1.728533
-2.743432
-1.988512
-2.096361
0.111911
-4.321492
-1.734727
-2.332582
-2.474270
-2.773440
-2.763456
-2.546302
-2.734595
-2.835161
5.300383
-1.728367
-3.961859
-2.790819
-3.238988
-2.702691
-1.191054
-1.501001
-1.486411
-3.973188
-2.153504
-1.337623
-0.740056
-1.133082
-3.252759
-1.339853
-1.300597
-0.376411
-4.904248
-1.694250
-3.065497
-0.045570
-3.450024
-1.750029
-5.394777
-3.071980
-4.665118
-1.221390
-2.868253
-3.281220
-1.762760
-1.624061
-3.254146
-2.105560
-0.712345
-4.196747
-1.968357
0.943071
-3.188744
-2.828934
-2.920040
1.471058
-4.167930
-2.681046
-0.876746
-3.728781
-0.959168
0.656777
-4.142131
-2.056206
-2.665761
-4.062710
-4.056213
-3.740662
-4.533478
-0.809288
-0.180638
-1.181163
-3.381186
-1.741206
-1.578389
-2.761596
-1.474770
-2.397339
-3.020197
-3.978879
-6.031991
-3.862688
-1.713899
-3.195811
-4.330704
-0.272924
-5.979006
-4.325084
0.326933
-5.149859
-0.344249
-5.286287
-1.906070
-3.353098
-1.508354
-2.932181
-1.554783
-0.584226
-4.404436
-6.467995
-2.161948
-5.318029
-4.814173
-2.025694
-0.616395
-4.024596
-1.909525
-3.243667
-3.009117
-2.444977
-2.239349
1.006179
-3.534315
-1.923891
-0.431957
-2.696212
-2.767358
-1.242216
-3.065200
-2.048233
-2.324900
-3.547853
0.482375
-3.851778
-2.601999
-4.832100
-2.867525
-0.886298
-1.604726
-2.897017
-2.007924
-3.213830
-1.953626
-2.453379
-2.503821
-2.636929
-3.340632
-2.157515
-4.403979
-1.665159
-1.925964
0.179993
-0.985993
-3.614745
-3.271750
-1.693490
-3.834228
-1.619773
-1.925142
-0.864639
-1.058603
-3.061419
-3.020121
-3.272117
-3.748210
-4.210356
-2.786220
-1.250191
-2.527680
-2.770768
-3.645494
-1.881705
-1.423227
-2.557391
-3.481515
-1.045643
-3.271309
-3.146261
-1.579153
-3.122928
-2.002347
-3.830098
-3.865907
-1.208668
-2.520319
-4.491161
-3.534571
-5.281682
-0.563518
-0.991927
-5.159454
-3.273739
0.333397
-4.132379
-3.225897
-0.947327
-1.893248
-3.996928
-3.279318
-0.486529
-2.878567
-1.658214
-0.138776
-3.357009
-3.762782
-0.385002
-0.424148
-3.267427
-4.294356
-5.834255
-1.451063
-2.915108
-1.405981
-2.839815
-3.427054
-3.239799
-2.917698
-4.662033
-2.177291
1.408852
-4.972710
-2.283504
-2.258537
-2.823731
-3.158466
-2.940271
-2.797474
-2.420056
-3.788373
-2.659370
-0.726038
-1.227212
-3.622232
-2.035602
-2.633030
-0.635647
-0.615243
-2.088099
-1.180113
-4.788877
-1.303931
-1.359033
-3.995107
-2.654432
1.372254
-2.058487
-3.340289
-1.730247
-4.369829
-4.436082
-0.284905
-2.627387
-3.058782
-4.045918
-2.224150
0.305501
-1.672469
-1.912373
0.310456
0.651973
-4.743170
0.614579
-2.624967
1.728089
-0.739249
-2.337660
-4.392392
-2.469036
-2.003011
-0.135433
-0.767018
-1.497954
2.362451
-5.770373
-0.391867
-2.419708
-4.980303
-0.008802
-3.447051
-3.874246
-3.860829
-3.840786
-2.683480
-2.597081
-3.081342
-4.025215
-1.335541
-2.694570
-0.682440
-3.875168
-1.195683
-3.589728
-1.514706
2.611411
-5.113190
-2.219969
-3.496747
-2.983582
-1.338982
-1.289375
-3.817792
0.152954
-2.401336
-3.352186
-4.037559
-2.623164
-1.489147
-3.161248
-2.134449
-3.482420
-2.637274
-3.260661
-0.415261
-0.328146
-2.591764
-0.683553
-2.196694
-3.164163
-3.113624
-2.115916
-0.992420
-0.820146
-5.515503
-1.891057
-2.107058
-1.406362
-3.153782
-2.927667
-2.160606
-2.598096
-3.901133
-3.294184
-4.207991
-3.393186
-2.944212
-2.510957
-0.916043
-3.996892
-0.847956
-3.081216
0.055367
-3.332157
-2.755819
-5.286893
-3.300356
-3.359308
-4.227750
-3.570446
-3.238627
-1.690564
-0.101361
-2.842661
1.182531
-3.128264
-3.695063
-4.702353
-3.643970
-3.629206
-2.068592
-2.561723
-1.757588
-4.758872
-1.600610
-1.941807
-2.050864
-3.651716
-4.334754
-1.078307
-4.678714
-0.096792
-2.951010
-2.094173
-3.196420
-2.615437
-3.197217
-3.681677
-1.456036
-1.017327
-2.976164
0.742540
1.293568
-2.149395
-2.980498
-1.469171
-2.303976
-1.100786
-2.787830
-3.694842
-5.597936
-0.741660
-1.607474
-4.686971
-0.385889
-1.493954
-0.747230
-4.504400
-3.815447
-4.353574
-2.652972
-4.061018
-4.489336
-4.774931
-2.597294
-4.386664
-1.426345
-3.716194
-4.154403
-3.311746
-5.728103
-0.697469
-2.049320
-2.878173
-3.035904
-3.121324
-1.802088
-0.475565
-3.001147
-2.503016
-2.425879
-0.823439
-3.929601
-4.283990
-3.536323
-3.802380
-5.631421
-2.333587
-3.169150
-3.534977
-1.008414
0.406674
-5.098132
-3.829234
-0.922555
1.745522
-1.850637
-5.220888
-4.268006
-3.104923
-2.591181
-1.627163
-3.270231
-1.044140
-1.906271
-2.670162
-3.951027
-2.836993
0.897993
-0.607472
-0.883715
0.625260
-1.628116
-0.897131
-4.501195
-0.462784
-2.261337
-3.350827
-0.330185
-0.212916
-3.075614
-2.600027
-2.438806
-2.996206
-4.949501
-3.154555
-2.780484
-3.638782
-2.296576
-2.831970
-3.807476
-2.252649
-3.195609
-2.189151
-4.399639
-4.061540
-3.483349
-2.424515
-1.235671
-3.683163
-1.505805
-3.696103
-2.096559
-1.916434
-1.416194
-2.762265
-4.376889
-2.054644
-2.407560
-4.521130
-2.081042
-1.662169
-3.831967
-4.758606
-2.280635
-1.515009
-0.334734
-3.637233
-2.517257
1.844140
-2.706532
-3.090885
-4.082242
-3.704122
-4.725108
-3.604132
-1.985648
-2.902751
-2.073063
-2.270857
-5.548250
-0.568673
-3.260578
-2.207382
-4.166572
0.026304
0.081329
0.074345
-2.974482
-4.908509
-2.324154
-4.140718
-4.011775
-4.260046
-3.347519
-3.145736
-2.127420
0.196624
-1.261790
-0.511655
-2.195935
1.821774
-3.118830
-0.716183
-2.782292
-2.849182
-2.130017
-3.492671
-1.748668
-2.349372
-4.012258
-3.740923
-6.397015
-1.594193
-4.001545
-3.775682
1.728348
-1.656889
-1.653985
-3.753854
-1.567264
-2.241634
-2.535876
-2.580777
-2.562614
-6.533365
-1.862908
-0.889363
-2.289977
-4.775029
-2.226004
-2.799181
-1.867682
-1.606682
-2.866663
-1.500836
-0.114580
-1.813504
-2.792995
-0.869044
-5.504125
-5.250074
-1.015720
-3.468737
-2.298000
-2.991357
-3.077146
-1.712568
-2.167001
-2.338226
-1.249578
-3.314422
-3.215670
-4.973406
-4.256252
-3.893983
-2.333201
-2.783621
-1.608519
-1.734695
-0.997158
-1.615414
0.290554
-2.374207
-0.978404
-5.691997
-3.211880
-3.343691
-2.946923
-1.974289
-2.439589
-3.832027
-4.877329
-4.296739
-2.577018
-2.596612
-1.309987
-3.821507
-5.336244
-2.480931
-4.079329
-3.142116
-4.510702
-0.303045
-7.330707
0.421165
-0.004668
-1.428317
