8
1 500 1000 200 42 777 13 99
-7.970850
0.194479
-8.032452
-7.953623
-0.502478
-8.055648
-2.869602
-0.513607
-8.074708
-8.044047
-8.038250
-8.164087
2.320438
-1.300954
-0.798130
-7.965105
-8.121854
-8.120378
-8.158191
-1.669194
-8.152297
-8.120378
-8.074708
-8.197935
-8.049849
-8.082870
1.266468
-0.126763
-8.249412
-8.164087
-8.197935
-0.233254
-8.080544
-8.649554
-9.651430
-4.984317
-5.212096
-3.702064
-6.760958
-0.605415
-3.397186
-0.869536
-4.257523
-1.687678
-0.430172
-3.856537
-5.580029
-3.075898
-4.730591
-4.781874
-4.511023
-3.421076
-4.237654
-4.700804
-7.541245
-4.475761
-8.074708
-1.240577
-1.389339
-7.970850
-8.197935
-8.080544
-8.237492
-8.078156
-8.063040
-4.302966
-2.151448
-2.055049
-0.696670
-2.911463
-2.296162
-5.260108
-1.769792
-7.440737
-1.482731
-1.553926
-3.216409
-4.123868
-0.531865
-0.739693
-0.828113
-8.197935
-4.638719
-1.774570
-3.360620
5.244852
0.414912
-3.209619
-0.812334
-0.478836
-2.684146
-8.161699
-8.126247
-8.197935
-8.126247
-8.055648
-8.205667
-7.982337
-8.078156
-8.283096
-8.083987
-8.080544
-8.197935
-8.197935
-8.271108
-8.049849
-8.199734
-8.237492
-8.068874
-8.080544
-8.080544
-8.164087
-8.158191
-8.068874
-8.038250
-8.080544
-8.295082
-8.038250
-7.999327
-8.032452
-8.277104
-8.203862
-8.068874
-8.107481
-8.271108
-8.127711
-8.283096
-8.164087
-8.164087
-8.146402
-8.044047
-8.283096
-8.038250
-8.080544
-8.197935
-8.038250
-8.146402
-8.130962
-8.063040
-8.057207
-8.186081
-8.044047
-8.289090
-8.049849
-8.038250
-8.044047
-8.032452
-7.970850
-8.152297
-8.044047
-8.283096
-8.158191
-8.154129
-8.120378
-8.126247
-8.115995
-8.063040
-7.999327
-8.080544
-8.061449
-8.080544
-8.152297
-8.181935
-8.197935
-8.237492
-8.032452
-8.140510
-8.225569
-8.061449
-8.289090
-8.038250
-8.120378
-8.074708
-8.086377
-8.140510
-8.231532
-8.152297
-8.158191
-8.038250
-8.192007
-8.089817
-8.110133
-8.074708
-8.080544
-8.146402
-8.080544
-8.186081
-8.032452
-8.249412
-8.152297
-8.068874
-8.042969
-8.158191
-8.177730
-8.044047
-8.080544
-8.092209
-7.976593
-8.049849
3.134689
-8.074708
-8.283096
-8.271108
-8.203862
-8.038250
-8.010876
-8.080544
-8.140510
-8.038250
-8.255374
-8.074708
-8.074708
-8.192007
-8.192007
-8.197935
-8.038250
-8.152297
-8.199734
-7.953623
-8.038250
-8.152297
-1.204842
-8.158191
-8.231532
-7.965105
-8.225569
-8.074708
-8.044047
-8.271108
-7.970850
-8.032452
-8.146402
-8.044047
-8.038250
-8.119221
-8.203862
-8.080544
-8.074708
-8.197935
-8.080544
-8.158191
-8.158191
-8.303487
-8.016653
-8.197935
-8.152297
-8.152297
-8.114512
-8.068874
-8.321577
-8.038250
-8.158191
-8.044047
-8.057207
-8.186081
-8.068874
-8.158191
0.352245
0.747810
2.657388
-0.845865
2.089273
-2.172254
-2.175711
-2.089787
-5.315057
-2.106412
-1.093912
3.822852
-1.382028
-2.478855
-3.460162
-1.399021
-0.206127
-2.951927
-5.884037
0.053780
1.373847
3.603186
-3.198573
-2.145922
-0.136973
-4.175869
-0.446693
0.771736
-0.141585
3.418415
-1.638000
0.167038
6.423636
1.544903
-2.752410
-0.178641
2.422215
1.110235
0.405756
-6.274645
-1.974987
0.077922
-5.846097
-5.758307
0.431037
-1.127526
-0.088155
-4.085330
3.215186
-5.210507
1.604863
3.929739
-2.975951
1.904245
-5.421591
0.065813
-0.561875
-1.333329
-6.628174
-4.743697
1.167253
-1.305031
-2.268659
-3.343127
-2.007869
-2.053710
-3.124897
3.706218
-1.861861
-1.677762
-4.928478
1.777581
1.679832
-1.563923
-4.201221
4.256877
0.611145
-3.262818
0.670544
-2.449181
-1.640476
-5.720594
1.459243
2.545962
-4.674946
-1.946836
-0.906425
1.593428
-2.851007
1.549248
2.565990
3.429190
-1.159038
0.680840
-3.628443
-1.353871
-1.942669
-2.753790
3.711633
4.707917
-1.149519
0.999462
-1.212729
0.547088
1.105684
1.456423
0.947097
-0.541561
-8.074708
-0.850422
0.752342
1.784001
-2.198755
-4.728521
-1.415415
-2.471789
0.925105
-4.215595
-2.976617
-4.591008
-3.004929
-2.521346
-6.374392
-1.589800
1.628214
-5.399236
-0.877841
2.823269
0.855719
-4.275971
-3.714785
-4.800482
-4.859291
-6.274691
-4.154657
-2.748578
-1.899724
-0.815476
-3.525935
-0.847556
-2.483169
2.575266
-3.868481
0.864933
-0.580477
-2.996041
-7.685648
-0.839223
-4.072520
-6.248934
-1.312082
-3.198858
-4.584974
-2.017904
-0.547817
2.898114
3.803726
3.330389
2.234012
-1.221654
-8.152297
-0.665978
3.775064
-1.308656
0.868671
-3.923223
-0.535346
-2.062212
-2.592432
0.448937
0.733302
-3.812731
1.615342
-2.331296
-1.306981
-2.095862
-4.237382
-5.250337
1.644333
-2.746964
0.881914
-3.015258
-8.114512
1.096316
-6.204244
-0.987783
-2.887213
1.012011
-1.563917
-1.454921
-7.134377
0.247406
-4.411962
-2.091508
-2.394381
-1.186232
-1.663347
1.079604
-0.966520
1.196908
-2.955511
-1.884772
-1.331655
-3.331296
0.019983
-4.656200
-0.835656
-1.714085
-0.405000
0.068587
3.155524
-3.126053
-2.492540
3.546874
-3.156782
-5.649781
-1.329139
0.118374
-2.264609
2.572102
-2.240960
-1.821348
-0.742818
0.221309
0.454873
-5.545484
-0.493026
-2.654696
0.069114
-8.192007
-1.385300
2.150514
-3.308553
-2.544765
1.612019
-1.125995
1.082245
0.163325
-1.109979
-5.841283
-0.491049
0.038367
-3.165311
0.826262
-2.640696
0.631783
-2.545180
-0.030584
3.725173
1.765346
-0.784306
-2.474802
-1.034475
-0.641922
-1.709367
-2.194788
-3.960733
-0.140428
-1.555923
-4.229242
4.450944
-2.488938
2.551260
2.603797
1.244183
-1.175484
-1.794945
-0.768692
-1.138218
-2.163879
0.177168
3.727781
-0.216430
-4.050734
2.061139
-4.889673
-0.549022
1.280318
0.398129
-5.598541
-2.888115
2.277381
1.737701
-7.398464
-1.473481
0.227848
-3.954149
0.516367
0.514919
-2.515608
-3.113535
-0.985994
-6.532804
-2.638828
1.295174
-3.756246
3.472297
-3.556787
1.743701
-2.686494
-3.382221
-1.221939
-3.430460
-0.720734
0.622618
1.079219
0.217924
1.677235
-0.090920
-2.150902
3.332948
-1.097865
-3.991641
-3.283880
1.630124
-0.231597
-0.275351
2.139927
-3.008335
1.259694
-0.935175
3.494279
-1.336734
-2.154017
-1.003404
-8.074708
-2.217040
-4.312349
1.482605
2.065087
1.083789
-3.184101
-2.110423
-1.046675
-2.391895
-2.476002
-1.670483
-0.656565
-2.414537
1.069242
0.604385
-0.807961
-4.525485
-1.507153
-2.444608
-3.293755
-1.707688
0.462596
-0.328340
1.660720
-2.593640
-5.086273
0.833777
-0.341593
-3.876147
-2.827928
-5.072995
-2.064563
0.791460
0.153946
0.701610
0.698248
-2.666679
-1.872050
-4.333365
-1.574412
-1.144919
-2.682077
-1.007707
-0.948624
-8.283096
1.610076
-4.035010
-0.259440
-1.640573
-1.022108
-3.025817
-2.218251
-2.157428
0.981067
-3.042675
-3.653106
0.763177
-2.248024
-8.074708
-8.265117
-4.027986
-3.080505
1.743380
-3.943596
0.214325
-2.613002
0.084765
1.451987
-1.321137
-1.142402
-0.551597
-1.374632
-0.429219
1.466412
-1.541236
-3.767208
-0.327612
-8.038250
-8.908359
-4.217047
0.998861
-1.109412
2.275102
-3.702247
0.338529
-0.536362
-0.858066
1.653542
1.139784
-7.553627
-2.842263
-0.428741
-0.667934
-0.755618
-4.993560
4.354023
-2.143650
-8.283096
-1.941598
-3.630631
-0.716164
1.928173
2.288739
-8.158191
-4.883833
0.824895
-5.979324
3.628989
-0.096195
-4.458350
-0.785124
-5.371175
1.139422
-1.244260
0.488363
-1.992144
2.810995
0.712336
0.418432
-2.112031
3.717959
-3.450610
0.953155
2.294614
-8.158191
-1.125486
-3.123969
-3.410909
1.277688
-1.796239
-1.537842
-4.709809
-3.795511
-8.044047
1.054975
-8.186081
-1.633123
-8.049849
-2.072037
-3.480529
1.446760
-2.500559
2.147008
4.938510
-0.362070
-3.346152
-4.149647
0.322138
-0.195661
-6.991651
-8.074708
-1.198683
1.034626
-8.080544
0.143883
-8.295082
-0.139070
1.356451
-2.621331
-0.399042
0.371212
-1.743106
-7.433749
2.005368
-7.970850
3.016508
2.796232
0.873185
-2.092309
-4.218740
1.047217
-2.150265
-2.219652
-0.694368
0.013830
-0.559548
-0.667475
1.448834
-8.277104
-1.752337
-0.535244
-1.564383
-4.485612
-2.331373
2.753551
-3.953652
-2.679268
-0.537036
-1.222355
-2.303898
-0.885050
-0.112022
-1.535242
0.216890
1.145774
-0.305106
3.424906
-1.331438
-5.773014
-0.961454
-1.790377
4.665729
-0.193917
-0.284272
0.075078
3.993173
-2.012616
-3.198527
-3.707890
-4.140804
-8.068874
2.887484
-3.801023
-8.038250
-0.914939
-0.594988
2.648416
-2.720255
0.037988
-7.019682
-2.253750
3.684639
-0.620551
-0.335437
-2.061389
0.260704
0.386288
1.865417
-1.020416
-8.068874
-1.165648
0.436242
-6.655009
-8.152297
-1.245325
-0.752979
-1.317636
-3.101450
0.265180
-0.803535
-1.216761
-8.016653
-8.074708
-0.848593
-8.080544
0.717215
-0.975271
-1.065351
2.698389
-4.623407
0.044867
-1.531317
0.234709
-4.355549
-2.291384
-1.644128
2.899615
-0.302920
-2.126724
-4.488468
-3.599241
0.215818
0.267219
2.123858
-2.096552
1.045219
-3.205930
-0.442614
-5.237330
-2.142814
-3.396578
-8.038250
-8.038250
0.102366
-1.036954
0.492621
-2.694785
-1.483343
-2.418547
-4.357724
2.224191
-8.160028
-1.416643
-0.516346
-0.923382
-1.443085
-4.399129
-0.113827
0.702620
-2.177336
-1.425687
-1.688713
-3.237752
-5.069948
-8.074708
-0.885140
-3.107251
-4.135805
-8.080544
-4.186759
-7.976593
-3.715025
-1.884695
-3.822467
-8.032452
-3.007072
1.141213
0.641396
-1.647693
-5.748446
-1.488448
-2.559997
-2.346151
-2.561072
-3.659652
-4.896715
-0.604088
2.331357
3.219966
-0.914541
-8.074708
-1.085674
3.469329
-2.949579
-0.474959
-1.175208
-8.038250
-3.124208
-8.020851
-2.050863
-1.686022
-8.032452
0.685972
-5.369738
0.768799
-1.173518
0.515416
-2.576305
-2.073284
1.637778
-1.270813
1.930341
-6.009436
0.285035
-1.504304
-2.271792
-3.688731
-2.609623
-3.926050
-0.850178
1.487012
0.343490
0.528545
1.028997
-7.965105
-0.978076
-1.364337
-0.621307
-0.900619
0.838188
-1.216447
0.030319
-1.571627
-6.495073
-0.465103
-3.706215
-3.494771
5.232133
1.383473
-2.580978
-3.899458
3.552453
-4.938674
-2.491526
-3.675172
-2.568688
-0.537873
-1.762141
1.594828
-0.476957
-1.961557
-1.309183
-0.931036
-0.448152
-4.077616
2.216404
2.580400
-3.810830
-0.120194
-0.350330
0.073005
-1.347837
4.286917
2.834814
-0.303342
-2.009264
-0.930850
-0.194443
-0.236169
-2.993905
-2.510684
-1.582221
-2.179396
3.596580
-0.683900
1.914793
-8.210376
-8.074708
-1.691001
-2.168679
0.208249
-0.598302
-2.847798
-0.790067
-0.286231
-3.204426
-1.722193
-8.231532
-2.079156
-2.056315
-4.416245
-8.038250
-8.271108
4.255157
0.016765
-2.918984
-3.791356
-2.513523
-1.204715
-0.942947
-3.025274
-0.009837
-1.823573
-6.544197
-3.044600
-0.905598
-2.133480
-1.874618
0.476678
0.944051
-0.183383
-8.078156
-8.243452
-8.197935
-1.370790
-8.074708
-8.121854
0.962371
-1.147922
3.735422
-2.456101
-4.907839
1.219120
-4.908767
-4.584844
-0.647332
2.465983
-1.231817
-0.970371
-8.164087
1.263972
-3.897507
2.852885
0.927644
-5.314477
0.398494
3.354799
-0.238200
-2.971086
-4.380927
-2.608939
-5.216922
-2.068514
-0.667402
2.901062
-0.848646
-0.284173
-2.295844
-3.257015
-1.682707
-2.276057
1.261802
1.450492
-3.562620
-0.878580
-2.856554
0.475803
-4.838898
1.652872
-3.722582
-1.095750
-0.994380
2.292264
-3.007197
0.255492
-5.115202
-0.074296
-2.114466
-8.049849
0.079471
1.720138
-0.373383
-2.230397
1.553658
-3.324050
-0.959426
-1.832018
-4.420225
2.503524
2.847940
-2.197944
-8.068874
-1.110522
-0.871492
5.714343
-2.022557
-3.269619
-2.880627
-0.423265
1.079847
-1.003035
-2.211727
-2.062242
0.534732
-4.266471
-2.781482
-2.200496
-6.150241
-3.566399
0.603469
-0.599036
-0.891012
-0.186719
-4.290662
-0.262798
-1.152174
-5.436607
-8.080544
-4.188641
0.259748
-0.114818
-4.739572
1.029841
-3.083462
-8.164087
-8.082870
0.277803
0.099650
0.889309
-1.058938
-8.080544
0.081995
-2.812183
-0.845961
-1.754376
-1.660223
-1.231919
-8.068874
4.340892
2.569459
-0.881130
-0.382625
-3.081979
-2.734495
-0.357608
1.970648
-0.461807
-4.104825
-4.003766
1.950337
-0.508466
2.950047
2.672326
-1.147583
0.176758
-1.195027
-4.200656
-4.175317
-1.001153
-4.098781
-3.368348
2.914029
1.893471
-0.501584
-3.088849
-8.165928
-2.036524
-1.548705
-2.473538
-8.016653
-8.086377
-6.193830
-1.197154
-0.566340
-1.454889
-0.512821
-1.755976
-0.873026
-8.146402
-0.422898
-2.323452
-0.635527
-3.657784
2.349424
0.427490
-2.206959
1.772249
-0.180345
-3.358637
0.949966
1.622294
-3.878102
-1.761964
-4.321331
-1.369563
-5.561847
-0.684113
-0.880845
-2.958451
-7.970850
-8.120378
-7.982337
-1.820325
-0.190700
0.579725
0.348650
-0.995730
4.528070
2.316115
-0.229137
-8.035798
-1.346851
-0.690894
-1.191066
-1.613928
-1.414669
0.125329
-0.889783
-1.843731
0.700569
0.187410
-4.904127
-7.976593
-2.513391
-0.513349
-1.795897
-0.650798
1.227856
-1.026490
-6.585491
-3.278478
-3.555666
1.516589
-1.669145
1.505753
-2.499876
0.683516
-8.102778
-8.049849
-1.339695
-3.538609
-8.158191
-1.217356
-4.518694
-8.057207
-3.453465
0.991953
-3.694579
-2.197077
1.087600
-8.265117
-8.074708
-8.180151
-3.701915
-8.068874
-1.359304
-2.783530
-2.564813
-3.144407
-2.162063
-1.678367
-1.950504
-4.316900
-0.056810
0.695912
-8.074708
-8.283096
-1.674693
-0.581805
-5.595084
-1.027478
-1.612444
-0.806194
3.962705
-0.263799
-0.956223
-4.241996
-0.809589
-1.749450
0.638677
-1.794408
-3.776103
-8.074708
-8.169981
-2.155921
3.179672
-4.082351
0.470188
4.201159
-1.147152
1.015967
3.252382
-1.547655
-2.028678
-2.102668
-8.068874
-0.365887
-2.275718
-0.311308
2.301211
1.327251
1.817218
-1.011031
-4.092397
-1.796193
2.463672
-0.488985
-8.038250
-3.084901
-3.020914
0.426347
0.209779
1.148400
-0.690529
-8.209791
0.834166
1.709502
-2.285608
0.860074
-0.910316
-1.543246
-8.289090
-8.102778
0.393854
-0.924161
-2.553052
-7.959365
-4.046832
2.439510
-1.492113
-0.170033
1.807190
0.054386
-8.068874
2.025075
-2.456727
-0.219360
-2.445911
-3.051287
-0.410892
0.853084
-0.471171
-0.554337
-0.154580
-8.114512
-0.745852
-0.378781
-0.965664
-0.390496
-2.785667
-2.792693
0.139721
0.973072
-1.415872
-1.849619
1.127956
-2.053995
1.968143
-2.911846
-0.673926
-2.306994
-8.158191
-0.989679
-1.736027
-2.894202
-1.684101
-1.335568
-5.598412
-8.152297
2.930870
-0.731752
-1.072333
-1.939016
0.918007
-3.684498
-5.352431
-3.452755
0.735462
1.809338
-1.172021
-1.392686
1.697510
0.725715
-2.499023
1.474662
0.637731
-8.032452
-2.526366
-8.270043
-0.489432
-1.754241
-1.313764
-2.836216
-0.143980
1.022025
-1.227504
-1.856392
-1.747532
-0.343915
1.421499
-0.567544
-1.488553
-5.012877
-2.334404
2.577920
-3.208784
-1.835351
-0.884332
1.232968
-0.425179
-0.074954
2.005389
-2.901065
0.404236
-1.535700
2.553319
-0.489185
-0.635940
-1.051169
-3.654297
1.825257
0.760479
1.945333
-1.879519
0.048831
1.439790
-8.158191
-0.982715
-1.997902
-4.982139
-5.129351
-2.787210
-2.039278
0.951868
0.280637
1.154135
-2.099220
1.211244
-1.897648
2.749223
-3.337886
1.642863
-8.049849
-0.879815
-1.331993
3.528112
-0.907446
0.699957
-0.363930
-0.226405
-1.925523
1.798620
-8.121854
-2.623059
-1.282181
-8.074708
0.612801
3.286588
-2.167043
-2.919532
1.928123
-0.491797
-0.028534
-3.848574
-2.591360
-3.470744
-3.396243
-1.717007
1.878008
-8.038250
-3.973312
0.558805
2.598458
1.253967
-2.713888
2.593907
-8.152297
-1.860281
2.934226
-3.549697
-8.249412
-8.038250
-7.959365
-8.192007
-1.463501
-1.062846
-3.339556
0.740952
2.409021
2.088168
0.036879
0.590994
0.606338
-0.336473
-2.188138
-8.146402
-1.829160
-0.704466
1.054329
-1.647821
-2.903481
-0.454375
-4.923482
-3.397054
-1.712435
1.685127
0.611764
0.769102
-1.856139
-3.007531
-3.847139
-3.992697
1.188152
-1.360472
-3.509380
0.061453
-0.100094
-3.676888
-3.108177
-2.928174
-1.428791
3.256628
-4.147933
-1.021297
-0.403803
-0.789736
-0.821099
-3.518923
-8.074708
-8.132114
-1.045986
-1.651896
-2.075998
-0.380702
-2.567041
-1.912243
-1.719727
-0.375393
-0.215371
-8.152297
-5.776248
-1.039388
-5.131763
-1.069352
-2.475978
-7.976593
-8.038250
-2.542599
0.705812
1.463771
0.854002
1.279329
1.466054
-0.605679
1.942448
-8.126247
-4.323652
-8.068874
-0.519317
-1.393034
-2.358873
-1.903928
-2.128333
-0.711352
0.732582
2.667773
-5.192195
0.193677
-0.832687
2.086248
1.335374
-3.935997
-1.932299
-8.080544
0.273478
0.418816
-1.211329
-1.907903
-0.262355
-8.277104
-2.465325
-0.898321
-1.221092
-2.935893
0.239503
1.537454
-0.833454
-1.196513
-3.504616
-0.073746
-3.997972
-0.441093
-0.927538
2.135879
-8.080544
0.031809
-1.549918
-0.052917
0.236006
0.149615
2.649923
-0.598223
0.046794
-0.185835
-2.201617
1.741965
-3.186955
-3.238854
0.710419
1.976469
-0.858444
0.161791
-0.298876
2.142962
-3.708634
-7.970850
-8.186081
-0.988918
-1.657069
-1.410363
-0.144730
-3.284912
0.611022
0.097821
-1.234216
-0.712025
0.811922
0.894837
-2.501390
2.290268
-1.822904
-3.414042
2.678037
1.412704
-0.363397
-2.735310
0.300046
-1.442084
0.843691
0.754877
0.387192
-0.968749
1.982265
-2.472003
-3.997325
-7.970850
-8.068874
-8.169981
-8.120378
-8.032452
-8.224658
-1.045004
-0.139684
-1.033344
-3.282663
-3.928843
2.628485
0.146630
-0.968642
1.050861
-8.042969
-2.469745
1.019869
-1.006433
-8.120378
-2.828594
-1.183407
-2.463147
-8.032452
-1.666813
-8.209791
-4.881111
-2.420418
1.210973
-1.680536
-0.801799
1.332129
0.198364
2.450403
-1.464409
1.503523
2.816344
-2.099431
-1.414791
-8.121854
-8.089817
-0.732590
-4.128530
-1.076506
-2.109947
-2.823028
-8.120378
-1.784914
-2.919608
-1.997858
-3.398884
2.171564
1.299625
-2.385189
-8.120378
1.347200
0.273456
-1.772120
1.675657
0.439663
1.140306
2.056378
0.759099
-4.013463
-8.080544
0.108641
0.260916
-0.206138
0.194163
-0.477688
-2.434197
-2.637030
2.111492
-8.061449
-8.038250
-1.621733
-2.328268
2.777174
0.525521
1.613765
1.097598
-0.737543
-0.559157
2.431600
0.079240
1.930585
-3.071359
-8.152297
-8.032452
0.805098
-0.935601
-7.988081
0.857286
-8.152297
-0.224248
-4.684548
-3.909936
-3.681707
-3.747203
-3.792007
1.432144
0.816419
3.464039
-1.180383
1.837162
-1.163652
-0.420821
-1.092742
2.159144
1.061514
1.409813
-4.175829
-0.403250
-0.269206
-8.146402
1.355238
1.315128
-1.617094
-2.035891
1.308180
-2.368560
1.061299
-4.933961
-0.472139
1.981547
0.130718
0.273712
-0.756581
1.873140
-2.000686
-1.086613
-1.098904
-1.889937
-4.411901
-2.023148
-8.125091
-8.140510
0.507186
-1.698491
-0.929491
-3.173718
0.797233
-1.622260
1.701097
0.050084
-4.266152
2.571411
-0.785328
0.639553
-1.282899
-1.380300
0.414271
-0.662777
-1.911111
-8.080544
-1.134224
-3.276872
-1.959175
-0.884432
1.694238
0.947282
-1.992612
-1.026797
0.556587
-8.038250
0.405943
-0.631609
-5.515506
1.589297
-0.839850
-0.426421
-2.882268
-1.297386
-1.361550
2.709716
1.362803
0.382846
2.220556
0.132857
-4.096850
-3.807492
-0.890342
-0.696574
-1.574571
0.970636
-2.784276
-1.318873
-5.490858
0.464064
-0.591669
-5.697370
-0.456979
-0.030281
0.599348
1.302348
-1.353614
-3.304053
-0.381670
-2.218612
0.328483
-1.925217
0.478433
-2.940213
0.130496
1.021536
2.396159
-0.255856
1.558610
-5.313253
0.215087
0.264053
0.443985
1.345526
-0.666847
-0.039079
-1.120005
1.776505
-1.547872
-4.206316
-4.382334
-1.840637
-2.595324
1.951113
-1.585638
-0.787947
0.253245
-3.460449
-3.765741
-5.535063
0.290211
-1.652571
-4.425215
0.062077
1.283181
-1.413088
0.726326
-3.544082
-1.970380
1.869030
-4.966735
2.503806
-1.113336
1.582472
-8.146402
-8.038250
-7.970850
-8.068874
0.216269
-2.990276
-0.530415
-0.307511
-2.085477
-0.639589
0.639302
-0.009812
-1.126628
0.908982
0.028960
-0.487811
-8.061449
-1.251583
-1.354358
-8.074708
-2.055814
1.931477
-2.658438
0.847761
3.152092
-0.373333
-0.360292
-8.259122
-2.615803
-0.709410
-0.805122
-2.717587
-3.143183
-8.038250
-1.637838
-1.225535
-1.246284
-2.035808
-1.919393
-2.245096
-1.114653
-3.313928
-1.617266
-3.568965
-1.226577
-1.037460
0.601513
-2.172182
-2.077001
-1.889080
-3.278137
-0.714197
2.637370
0.616548
-2.214157
-3.099321
-3.762423
-4.577200
-1.220516
-1.190218
1.257048
-1.760387
-8.083987
3.133320
-1.455745
0.553764
1.972533
-3.153274
0.650536
-1.084777
0.949810
-2.650378
0.306824
0.876972
-2.254453
-2.840805
-3.740135
0.781614
-5.687881
-0.621012
-1.571707
-2.660105
-3.475805
-1.607762
-3.159745
0.653872
-2.751447
-2.906346
-0.515834
1.088720
0.491481
-0.063222
-0.360120
2.045371
-0.301560
3.953193
-1.392485
1.793339
1.079488
1.061002
-7.965105
-3.034932
-1.216220
0.348200
3.003895
0.151476
-8.044047
-0.935577
-3.968511
-8.038250
-0.198201
1.506245
1.444229
1.017305
-0.247961
0.044417
-3.935456
2.696270
-1.992901
-1.789618
-0.714578
1.683480
-1.817148
1.131543
1.273331
-2.663072
0.788113
-2.123540
-1.853437
-1.738776
-0.870146
-0.703363
2.246664
-1.701398
1.848215
0.242578
-8.158191
0.395282
-8.032452
-2.716179
-0.716929
-1.473733
4.076622
-0.731910
-2.356616
-8.277104
-3.699499
2.470004
2.565503
0.992538
-4.560898
-0.212768
0.213889
-8.192007
-0.118250
2.767651
-2.337093
1.107467
0.001664
2.382499
0.374566
-8.115995
-1.608556
-2.364008
-1.005383
-1.638080
-2.094579
-8.271108
-4.031778
-4.802250
-6.420155
-8.044047
-2.103546
-0.610862
-0.201568
-2.885246
-5.283875
-1.789677
0.156626
-0.933135
-3.260947
2.526373
-1.967859
0.315351
-2.361713
-1.272649
-0.851043
1.283978
-0.242819
-0.273541
-1.261261
0.942405
1.141328
1.809115
0.393999
1.179197
0.758708
-0.543944
0.544427
2.368773
-0.476437
-1.622389
1.968762
-1.626310
-0.995631
-0.890608
-0.265648
-1.532843
-0.345686
1.449543
-8.283096
1.508652
0.581054
-1.481732
0.443881
-1.186583
-3.251201
-3.562646
0.187313
0.583111
-0.706651
-2.514776
0.762272
1.796339
-0.978543
-8.120378
-0.775576
-0.717937
-0.953462
-8.078156
0.497485
2.257350
-0.858316
-1.716017
0.259827
1.584436
-0.750673
-3.035201
-0.249454
-8.089817
-1.238035
-2.918576
-1.491232
-0.327402
-3.851238
0.446435
-1.663850
0.516709
2.107270
1.011180
-0.423170
-1.996036
-0.016637
-8.120378
1.157542
1.997645
1.192672
1.235064
-1.666034
0.536640
-2.002465
1.322351
-4.239687
-4.375261
-4.437582
2.816601
1.169321
2.169600
-0.935696
1.007728
1.251788
2.077656
-2.928353
0.580523
-3.980776
0.257535
-1.074088
-0.502249
-1.778072
-0.209238
-1.798304
1.689102
-0.662828
-0.273104
-2.041497
-1.651746
1.020165
-0.199651
-2.623827
-0.344524
-2.475814
-1.066652
-0.147177
-8.120378
-0.669497
-4.669351
-1.711895
-4.217754
-1.548984
1.601801
-0.916137
-0.158215
0.504337
-0.882453
1.267836
-2.172199
0.238028
2.011889
-0.657467
2.530463
-0.452754
-1.498801
-2.294642
-0.829022
-0.925862
-8.044047
-0.915676
-1.549032
-1.948162
3.734645
-2.360526
2.288908
-8.203862
1.215733
-0.079669
3.196350
1.210242
-0.179814
-8.173482
-2.679488
-1.270875
-2.773018
-3.392096
0.488219
-2.042776
-7.959365
-2.508861
-0.255000
-3.306054
-3.708809
1.768748
-1.295783
-3.651535
-2.021284
-0.082300
-0.258605
-5.107482
-8.203862
-0.189780
0.980213
-1.753102
-2.454648
-0.256668
-2.400753
-2.232095
-1.257057
1.567221
1.673679
-2.593085
1.125764
-0.308142
-0.824227
1.644699
-0.387691
-0.115388
-1.873987
1.327765
-8.068874
-1.966816
-3.828670
-3.661854
2.008039
2.401069
-0.244857
-0.626836
-1.494058
-1.983022
-8.037167
-4.355248
-2.346847
-8.158191
-8.152297
-5.312261
-8.080544
2.106059
-1.531021
-1.210781
-0.257535
1.226025
0.227176
-2.421345
-0.115913
-1.592748
0.922010
-1.626796
-1.211798
-1.791983
-0.156410
-1.985061
0.899571
-2.271806
-3.683716
-2.827626
-1.002666
-1.171969
0.266815
0.568128
0.039101
1.632340
-0.715295
-0.272648
-4.213509
1.057018
-1.532057
-1.327578
-1.861008
-3.055465
-0.256268
-1.177146
-3.025710
-1.316013
-1.240086
-3.324787
0.888249
1.024365
0.448231
1.245341
-0.800442
-0.296060
0.708547
1.308571
-1.393257
-1.441447
4.540061
-5.714134
-1.871130
-1.029288
1.038803
0.494824
-3.193968
0.254477
-3.721497
0.742215
1.358085
-1.501613
0.108585
-0.808883
0.181875
1.496127
-2.058164
-1.100272
-0.930240
-1.885631
-1.214193
0.435124
4.871913
0.871303
-0.725958
1.051687
2.081515
0.136556
2.020849
-0.075587
1.454866
-2.469972
-3.195874
-5.569057
-0.957911
-1.547811
-1.147837
-5.388508
-2.457015
-1.641490
-8.080544
-3.702449
-2.221721
-2.293240
0.008668
1.312225
0.298442
-1.248841
-1.415602
1.475189
2.763562
1.921474
-1.428989
0.510005
-0.812135
-1.969374
-1.518412
-0.149844
-4.202747
0.866375
-1.445457
-4.766030
2.258173
4.549192
-2.439888
0.834753
0.032981
-8.215718
-2.054102
-3.113483
-0.453562
-1.597408
-2.180121
-2.290483
2.675350
0.907066
-1.910844
-0.908253
0.440306
-1.419968
1.134964
-5.441925
-1.268735
-1.831245
-3.068445
1.257047
-1.839437
-0.934184
1.913554
3.266995
0.923498
4.316368
0.918338
0.074255
-1.242476
-8.164087
-0.353110
-0.001787
-0.603906
1.666962
2.629687
0.486312
1.792306
0.165390
-1.101651
-0.875006
-0.971310
1.061116
-0.807294
-0.380025
1.652613
-0.948839
0.214687
1.318626
1.002104
-4.730132
-8.074708
-2.242144
-0.870773
-1.556866
-1.711747
-3.727353
-8.115995
-2.138814
-1.436638
-0.006354
-1.128219
0.923621
-1.214235
-3.492546
-2.917401
-0.450328
0.898421
-0.822140
-1.350352
-3.243582
1.471769
-0.820122
-2.911366
-0.275303
-0.846790
1.359476
0.180530
0.023191
-2.229600
-1.456321
-0.538100
-0.899416
-1.873351
-1.104494
0.007247
0.373763
1.146020
0.092363
0.856501
-4.227783
1.445720
-0.794322
-7.976593
-0.482534
-0.195391
0.515800
-0.805298
-1.528228
-2.334243
-3.543867
1.640766
0.846179
-1.510610
-8.155805
-2.521313
-4.280658
-4.771821
1.825467
-1.436398
-1.772482
-3.590409
-0.528991
-4.103002
0.150951
-3.516989
-0.126756
0.014489
1.000413
-0.428812
-2.546488
-1.207729
1.084205
-0.144036
-4.579481
-4.368653
2.421515
-2.214356
-0.407373
1.868226
-8.038250
-1.145135
0.204517
-0.483491
-2.007428
0.602268
-1.148343
-5.003618
1.295725
2.103087
0.507380
3.054726
3.263725
-0.096277
-2.660789
-0.122878
2.107257
3.355429
-1.494491
-0.606518
-1.984268
2.908214
0.256381
0.829217
-1.367624
-4.174611
-8.134612
-4.190948
-2.633004
-2.080003
-2.594664
0.589038
1.145634
-5.386815
0.499507
1.426649
0.914959
-0.922407
-2.987776
-1.200552
-2.077350
-0.553708
0.253374
1.048863
1.512178
-1.102199
-1.440332
-0.437668
-1.160019
0.400075
1.886250
0.941543
-1.582074
-3.836520
-3.026465
0.074462
-2.702214
0.509864
-2.534311
-1.100585
-2.207942
-8.243452
-2.646122
-0.773263
0.019866
-0.550894
-1.911948
-0.079846
1.362413
0.744801
-1.070573
-4.890381
2.361286
-3.647453
1.232541
-1.866041
2.393045
-2.003394
1.940669
0.767121
-0.720050
-4.505807
2.300604
-6.789793
-1.588814
-3.957734
-3.125857
-2.379621
-1.087900
-1.480790
-2.297636
-0.825343
-0.114053
1.313559
-2.752357
-0.282964
-0.623399
2.974155
-3.264437
-1.999586
-0.290354
-8.080544
1.871634
-3.602243
-0.037796
-2.144874
0.970935
-4.048908
-3.652941
-8.265117
-1.862847
-0.610460
-0.570234
-6.116332
-0.675743
1.184520
-2.052960
0.638196
-1.182130
-0.703999
0.362602
1.508745
-1.065966
0.839063
4.673699
-0.529131
-0.799915
0.634703
-3.795050
-8.114512
-8.068874
-2.341582
-1.452068
-8.068874
-1.699463
-2.369523
-0.661945
-2.980672
0.597986
-0.260680
-2.654920
-1.232712
1.775540
1.969458
1.581511
-2.304233
0.964163
0.225400
2.477062
-1.474449
0.067274
0.723743
0.886147
-1.755810
-2.284406
-2.198229
-4.620011
-0.035091
-1.157916
-0.274708
0.151719
-1.996619
-1.676442
0.716653
2.044861
1.072560
-1.332529
0.396701
-0.691467
-2.867674
-2.205013
-0.230430
-8.125091
-1.912370
-1.132057
-2.363510
-0.807175
-1.573718
-0.063949
-8.271108
-1.200455
-1.196415
-1.703237
-2.847726
-3.984945
-2.320949
-3.821057
-1.909749
0.754320
-2.160978
-3.029392
2.577764
-4.770640
-3.446893
-4.539694
-0.482823
-0.466852
3.063755
-4.480538
-4.093118
0.018762
-1.803200
-2.195328
-0.377458
2.636329
-1.508292
-2.483994
-0.518215
-2.831063
0.095796
-0.700047
-2.369799
2.189208
0.861864
0.137940
0.112564
-3.818478
-0.714185
0.780050
0.776170
0.584139
-1.498117
-0.222953
-1.753116
0.008097
3.154655
-1.858998
-0.793317
-1.609563
0.473522
-1.255383
-1.536972
1.220674
1.712407
0.480875
-0.864056
0.433425
-1.115616
-8.158191
-1.260126
-1.457239
-4.265817
-0.255972
-2.195250
-1.833179
-1.040802
1.821531
0.762953
1.238877
-5.664869
-3.703067
-0.745943
-1.951739
-2.629730
-1.889422
-9.431315
-8.289090
0.141954
-3.231273
-1.856166
-0.166945
-2.019349
-3.504672
0.194883
-1.061361
-0.415535
-0.310076
-2.405023
0.637696
3.418404
-0.056776
0.223988
1.515999
-1.277893
0.561182
-0.183728
-2.601017
-0.888780
1.569762
1.689247
-0.226917
-0.075478
2.746824
-1.116948
0.464995
-0.122467
-1.393280
-1.388968
-1.971716
2.992652
2.226951
-1.263918
2.227974
-3.629728
1.340357
0.174908
-2.173903
-1.595219
1.245499
3.050379
-3.611399
-2.020787
2.117729
0.603223
-1.578046
-1.506480
0.508228
-3.357167
0.567847
-0.959381
-0.799243
-1.094023
-1.399828
0.156251
-1.675813
1.095822
-0.148414
-0.876202
-0.727412
-1.601571
-5.858762
-0.367192
-2.637023
-5.354467
-2.318189
-1.213598
-1.206172
-0.653838
-2.857524
-3.523745
-2.449997
-4.325443
-2.326192
-3.832299
0.129633
-2.841877
-3.585517
-2.165920
-0.900467
0.631589
-0.558192
-3.529808
2.275033
-2.328489
-0.578543
-1.278987
-0.657399
-4.675162
2.391549
-0.676667
-2.794087
-3.389210
-3.362990
-1.107574
-0.722860
-2.239873
1.165976
-0.010454
1.615447
-1.213648
-1.538786
-2.240488
-1.737772
0.429215
-1.886153
-2.610459
0.077547
-0.583690
0.721897
-3.727860
3.367115
-0.380952
0.615806
-1.263016
0.455640
-2.053686
1.941912
-1.692383
-1.472330
-0.231971
0.735301
0.037929
-3.087458
-3.589297
-2.913057
-1.128058
-0.913434
0.514276
0.994641
-2.565847
-1.894276
-1.054873
-1.081084
-0.934608
-4.878735
-2.386724
-6.034077
-8.074708
-1.558451
-6.293705
-8.042969
-4.612825
-1.272979
-8.114512
-1.234324
-1.508475
-0.362042
-8.309518
-3.742316
-2.201162
-2.996772
-1.199964
-0.603915
-8.140510
0.307579
0.497636
-2.062373
-1.174001
-1.761301
0.744064
-1.118004
-0.431825
-2.133176
-0.906803
0.591250
0.337411
2.051785
-0.373234
-0.590527
-2.357141
-0.648125
-1.127380
-0.391061
-3.132324
-2.511099
0.060129
-2.535861
1.222128
-1.253349
-3.042852
-0.330170
0.172913
0.345895
0.813751
0.874930
-0.409556
0.218986
-1.193586
0.771522
1.614524
-0.515790
1.787390
0.189586
1.440077
-3.582375
-0.332496
0.650745
-2.354338
-1.747614
-1.849180
1.031909
-1.927879
-1.574816
-3.124136
-1.765430
0.331314
-1.477998
-0.481082
-1.317835
-1.241790
-8.086377
-0.413817
-0.239111
-1.013241
1.971209
0.134815
-1.999447
-1.017801
-1.616760
-8.044047
0.634120
-1.266222
-1.590330
1.095401
-0.143305
-0.900389
3.321233
1.143318
1.338251
1.948239
1.025777
-0.697722
-1.937284
-2.874822
0.094891
0.623210
-0.016870
-0.119222
0.660975
-2.586018
2.087909
-0.735035
-1.359977
0.143437
-3.884220
-1.662117
-0.731777
0.097858
-2.730741
-2.221362
-1.680061
-0.857096
-1.219237
1.744120
0.445525
1.753924
-2.901579
-2.320367
-3.709391
-8.197935
-2.185135
-4.273882
-2.877424
-8.080544
-8.074708
-1.517660
-0.554227
-8.237492
-3.058555
0.077322
2.775436
-1.658542
-1.066287
-2.092030
-4.161903
-0.643366
-4.362981
2.856345
-1.239457
1.780995
0.846375
-4.666711
-2.817867
-0.007938
-0.296265
-0.494415
1.002302
-2.159109
-8.277104
-1.931983
2.158612
-2.069083
-2.324199
-2.078017
0.219111
0.715864
-2.585511
1.731966
-2.912531
-0.626020
-4.379128
-0.969694
-6.246754
-0.173424
-0.612396
-0.884311
-3.372143
-0.672089
1.882915
-2.624428
0.178142
-2.456894
-1.182994
-4.144974
-1.617111
2.001340
-2.942811
-1.912340
-3.659914
-4.679193
-2.513309
-0.285269
3.907746
3.494349
-1.460838
-1.028725
-3.328351
1.083459
-2.618390
0.656707
-1.987618
-1.379358
-3.768776
0.992927
-0.466515
-8.038250
0.962267
-1.625122
-3.974859
2.904543
-3.262563
1.480169
-1.358195
-8.152297
-2.264134
-1.505980
-1.944970
-0.443570
-2.896002
-8.158191
0.263725
-2.356361
-4.150035
-0.227899
-1.063764
0.033216
1.954623
1.082500
-0.821828
1.264354
-6.946011
-2.947704
-1.717625
-3.011975
-4.807770
-0.691731
0.707963
-2.343915
-1.185543
-1.749902
-0.178386
2.638250
-1.342524
-1.899806
0.335494
-2.526608
0.274562
3.926064
0.978418
2.922311
-1.169980
-0.268218
3.162044
-2.944664
0.212497
0.133195
-3.061044
0.648127
-1.713677
-1.274540
-2.708933
-1.430429
0.785294
-2.045311
-1.138211
2.335710
0.025686
0.123586
2.497192
-1.337029
-3.212881
2.775709
-1.355067
-2.331087
-3.213242
-4.199899
0.848952
0.762295
-1.671987
-2.501270
-1.394897
-0.010542
-1.986469
3.726423
-2.374099
-2.861420
0.134663
-0.805654
-1.632187
2.636031
0.534294
0.748378
-0.959840
1.202610
3.359182
-8.092209
-0.374790
-1.114540
-5.074347
-2.550818
0.826257
0.063443
1.120420
-0.192356
0.685090
-1.262299
-2.457422
-1.623909
-2.481018
-0.845967
-8.079420
-2.905662
-1.883614
-5.223135
-4.000000
-2.858812
-2.407600
-0.746068
2.330558
-2.433668
-1.743152
-0.269559
-1.934381
-1.802738
-2.147734
-1.398216
-0.320366
0.489869
-2.428500
-1.468192
1.688614
-0.131855
1.266691
-1.172190
-2.879917
-0.601994
-0.140165
1.441869
-1.416150
-1.144943
0.632285
2.350828
1.348583
-2.932127
0.987444
-1.700420
-8.044047
0.649516
2.475515
-0.238868
0.206596
-2.202241
0.651696
-1.624363
0.380615
3.654566
-0.851896
-0.370659
-2.237777
-0.064143
3.265592
0.980953
-3.699413
0.972477
-0.574463
0.260942
-0.352111
-3.515779
-0.367562
3.248941
-1.857883
-0.279615
-1.666665
-0.432503
-2.738039
1.586149
-2.914559
-0.129100
-0.252657
-0.366860
-0.140276
-0.299855
-1.632633
-0.475204
-1.070580
0.406784
0.278954
-2.476765
-3.798617
-8.074708
-4.581903
-1.577142
-8.007492
-3.758768
-2.356643
-4.499266
-2.949370
-1.607197
-1.910829
-0.838317
-2.040419
-2.171992
-1.693887
-2.919624
-1.878044
-1.528948
-0.539234
-8.197935
-0.618709
-3.722564
1.396574
-1.291698
-5.643978
-2.075073
0.038959
-0.639333
-0.325452
-0.958314
1.870623
-0.297223
-4.098901
-0.638253
-2.892191
-1.763164
0.919654
0.128620
-8.044047
-1.501234
0.126298
-3.494029
-0.908869
1.079630
0.763731
0.226608
-1.808628
0.451835
-2.709961
-1.638767
-2.637651
-3.493280
-1.209572
-8.289090
0.686754
1.401175
0.423667
-1.234943
-1.154192
0.028128
0.774517
3.205606
1.570625
1.167215
-2.198927
-3.569111
-3.119629
-2.581985
-2.792558
0.030962
1.608796
-1.570349
0.766917
-1.881686
0.753070
-1.654618
-1.853852
-1.249975
-0.969920
-0.387782
-2.293443
0.567608
-3.945963
-2.046375
-2.878046
-2.828560
2.700476
-0.957864
-2.539280
-0.982083
-2.727587
0.197170
-6.404616
0.378074
0.525803
-8.042969
-3.720320
-2.442728
1.503728
-3.274244
-2.094529
1.063607
1.124416
-2.164746
-0.797338
-2.052895
-4.171474
1.791578
-4.480905
-8.063040
-2.823038
-0.324792
-4.544991
-0.351933
-2.862414
-4.193574
-4.347162
-2.619575
-1.708052
-2.361483
0.182856
-1.682199
-4.472426
-2.812161
-1.025105
-4.516195
1.600141
-1.476168
-1.736934
2.618699
-3.053617
-0.063293
0.677713
-1.645986
1.491480
-0.824315
0.615379
-1.983098
-1.793795
-0.090962
-1.766052
-1.005783
-0.913744
-1.090985
-0.366926
-1.878833
-2.295001
-0.217982
-0.617584
-2.160396
-0.608066
-0.807628
-0.966677
-0.017216
-4.015401
-1.146499
0.720890
0.138110
-0.935345
0.994364
-0.541407
-4.015209
-2.434013
0.917093
0.707389
-1.418201
-1.373133
-0.990109
-1.237987
-0.799802
-0.330460
2.617935
-1.324641
-1.348111
-3.811817
-0.814909
-2.064730
-0.766226
0.642286
-0.380374
-0.255530
0.141462
0.960284
2.396157
0.581507
-2.852993
-0.538427
3.298534
-0.030019
-3.799066
1.199983
-1.277366
-0.859421
0.805023
-1.032671
-0.034456
-1.164958
0.569252
-2.508008
-0.771800
-2.177384
3.175447
-4.300518
-1.136996
1.185538
-1.520066
-0.303438
-2.729929
-0.543614
0.872623
0.593778
-8.080544
-1.757571
-2.068919
-0.504413
-1.216607
0.652185
1.773505
-1.735902
-0.393174
-1.604646
-5.177811
-5.403736
-0.437839
-8.086377
-8.152297
-2.578137
-8.203862
-2.070440
-8.032452
-8.108644
-2.731301
-1.182332
-8.038250
-3.867715
0.571581
0.263615
-4.050616
-0.948419
-6.621077
-2.616001
-1.118933
-0.515151
-1.655212
-0.058473
-2.323536
-1.548073
-0.516283
-8.231532
-3.306045
0.384542
-1.411773
1.154620
-1.531756
0.695889
-2.826748
0.608111
-2.512337
-2.697159
-1.009356
0.540921
-1.386929
-8.271108
-8.068874
1.229900
-8.169981
-0.781676
-2.234599
-1.614966
-2.602733
-0.224373
-2.198375
0.540091
-0.888860
-0.803578
0.516350
-2.989145
2.436901
-2.494772
0.023515
-0.490159
-3.060639
0.133412
-8.114512
-0.791513
0.272794
-1.959296
-1.467558
-0.776814
0.867711
-8.127711
0.070267
-1.117283
-8.146402
-2.467612
-3.271202
-2.520326
-0.867032
-1.264758
-0.543278
0.645600
2.148797
-0.264738
3.151729
-0.992914
-2.880187
-1.168626
1.898441
-1.932850
-1.619524
0.120203
-1.594129
-1.403787
-1.851768
-1.707237
2.278679
1.434920
-0.099837
-3.432155
2.246190
1.544214
-1.876689
-1.867308
2.156552
-0.973754
1.273896
-0.902319
1.543714
-8.078156
-1.559970
0.062131
-4.744877
1.468776
0.410188
0.606536
1.340132
3.992816
-0.807810
-0.539952
-2.376726
0.295887
0.973909
0.090710
-2.552011
0.784036
1.518142
-0.615081
-1.793659
-0.621231
-0.211676
-1.452927
1.577650
-0.683519
0.522671
-8.192007
0.012230
-6.593936
-1.489067
-2.662250
-2.001831
-1.723559
-1.366144
-2.096547
-8.146402
-8.060377
-3.901506
-2.172736
-8.158191
-8.080544
-3.882261
-8.080544
-3.561642
-3.789795
-4.370033
-8.086377
-4.897396
-1.360131
1.891736
-4.006006
0.982275
-2.452602
-0.786968
-0.597777
-4.081927
0.890715
0.337470
1.953814
-0.884309
-0.733772
-0.942501
-1.640177
0.762108
-1.916486
0.033227
-0.012503
-0.838462
-0.827853
1.156435
-0.558428
0.639745
1.039554
0.181894
-2.062822
-3.287305
-1.417843
2.121198
-0.664546
-0.545657
0.237842
1.666891
-0.671035
-0.257882
-2.425678
1.601493
1.749918
-3.271834
-1.548497
-0.613447
-1.395995
-0.405555
-1.647664
-1.859062
3.056260
-3.441321
-1.101581
-2.388760
-1.694631
-0.906836
-5.186553
-3.486956
-0.156687
1.388518
-7.970850
-8.120378
-2.939839
0.648412
-0.616617
-1.827436
1.014826
0.167022
-0.731598
1.239732
-2.260071
-4.613153
2.202521
-0.661899
-2.715860
0.552740
1.390488
2.314175
-1.341653
-1.372046
-0.873810
1.249374
-1.309514
-1.135050
-1.514497
-1.127868
-1.658719
2.568665
0.304150
-2.095278
-0.899766
0.916818
0.224648
-1.585221
0.033536
-2.048947
-3.548809
-0.643410
-0.003732
0.481427
-0.201740
-0.000595
2.480361
-1.218804
-1.129419
0.317955
-3.674450
-1.200712
-2.087074
-0.789124
1.105629
-2.324691
1.883474
-0.237103
0.207681
-1.713240
-2.858752
0.655761
0.996016
-8.044047
-0.893214
1.286088
3.260581
3.525071
-2.126340
0.378804
-3.985198
0.831813
-1.011845
-1.850694
-1.137994
-2.175386
0.920864
1.114746
2.252730
-1.498365
0.154206
-3.124107
-0.900001
1.720589
-1.262564
-2.803146
-1.812594
-1.053777
-1.545539
-0.695288
-1.692633
-0.447467
-1.119039
0.178547
-1.522048
-2.916752
-8.102778
-8.074708
-2.070123
-8.283096
-3.715962
-8.049849
-8.169981
-8.038250
-2.096726
-3.976931
-3.517643
-4.005958
-1.506569
-2.404966
-1.336236
-3.782521
-1.554378
-4.672846
-1.371714
-8.158191
-3.092027
-2.036682
1.458085
-3.754968
-1.533506
-0.669018
-1.566754
2.186074
-0.792650
1.485172
-7.959365
0.610129
-0.795459
2.823786
-0.802682
-0.851336
0.259986
2.592787
-0.690000
0.624178
-1.362035
2.561905
-1.081389
1.153168
-1.293056
-3.269864
-3.247402
1.727341
0.349709
-3.823323
-0.818870
-2.678628
-0.470876
0.850536
1.114966
-3.018843
-0.269666
0.605514
0.747734
2.621359
-5.773920
-2.553122
-2.334291
-1.308092
2.261274
-1.967035
1.055172
-3.629198
1.273640
0.692339
1.555934
1.013843
-0.785515
-1.355221
-0.430928
-2.344409
-1.741771
-1.142708
-0.657034
-1.342483
-0.593825
-4.405477
0.774046
-0.537700
-1.958970
-8.167591
3.133305
-1.374543
-0.827854
-3.429784
0.038732
-0.663174
-0.668582
-8.068874
-2.134935
-8.152297
1.347694
-0.640092
-0.131214
-0.716745
0.806516
-4.411015
0.871266
1.330543
-3.664156
0.989973
0.602449
-8.271108
-1.546156
1.511991
-0.602814
-0.041665
-1.093184
0.015869
-1.073578
-2.178239
1.094657
-0.455583
-3.071562
-0.879976
-1.301630
-2.184323
0.997806
-0.283737
-3.969149
-0.926354
4.039935
1.320892
-0.033935
1.212661
-0.096872
3.115186
-1.793257
-0.096715
-1.148725
-1.833886
0.134297
-0.699419
-4.351067
0.278648
-1.170976
1.257244
-1.131753
-0.493931
-3.660369
-5.047162
0.515768
0.499042
-4.432050
-2.814731
0.946387
1.037922
-0.614754
2.860990
-0.268835
-1.774354
0.196839
0.545232
-8.209791
1.836357
1.518644
-1.527522
-2.276783
-0.971723
-0.959351
-0.566401
0.047277
-1.944090
-3.400085
1.385195
-0.173391
1.132287
0.940926
-3.510843
-0.133335
-2.315324
2.194939
-1.508811
-1.853111
2.960637
-0.774480
-0.423091
-2.129616
-2.679930
-0.502599
-4.055346
0.590103
-0.200885
0.414788
-4.191534
-3.115384
-0.928770
-1.102838
-3.306879
-0.659511
-1.721913
-2.228738
-0.033347
-1.679280
-4.116811
-3.201365
-3.103176
0.804603
-4.214226
-2.197476
-1.802607
-3.390351
-0.141262
1.832160
-3.985861
-3.096820
-2.186448
0.326996
-2.561889
-2.492483
-2.428867
-0.500174
-1.589534
-2.128967
-0.826142
0.703821
-2.255272
0.011177
1.652859
-1.500485
-0.721768
-0.678726
-2.780759
-2.560762
-2.615340
-1.023939
1.608346
-0.847086
-0.031000
-0.103207
-1.182865
-1.450791
0.288662
-0.241766
1.497136
-0.068111
-0.378518
0.685468
-1.449918
2.182047
1.298341
-1.397669
-1.087489
-3.168248
-0.148813
-1.128104
-1.899617
-3.136842
0.166380
-2.337111
-6.140701
-0.612583
-0.684156
0.822422
-0.571890
0.913860
-1.986251
0.811482
-1.265646
-3.942109
-2.647245
0.393813
-1.844496
-3.374267
-0.945612
1.413282
-2.728394
0.148521
-1.360070
-2.898758
